{
 "cells": [
  {
   "cell_type": "code",
   "execution_count": 1,
   "metadata": {},
   "outputs": [
    {
     "name": "stdout",
     "output_type": "stream",
     "text": [
      "Requirement already satisfied: transformers in /Users/admin/.pyenv/versions/3.7.7/envs/finbert/lib/python3.7/site-packages (4.1.1)\n",
      "Requirement already satisfied: tokenizers==0.9.4 in /Users/admin/.pyenv/versions/3.7.7/envs/finbert/lib/python3.7/site-packages (from transformers) (0.9.4)\n",
      "Requirement already satisfied: requests in /Users/admin/.pyenv/versions/3.7.7/envs/finbert/lib/python3.7/site-packages (from transformers) (2.26.0)\n",
      "Requirement already satisfied: regex!=2019.12.17 in /Users/admin/.pyenv/versions/3.7.7/envs/finbert/lib/python3.7/site-packages (from transformers) (2021.11.10)\n",
      "Requirement already satisfied: filelock in /Users/admin/.pyenv/versions/3.7.7/envs/finbert/lib/python3.7/site-packages (from transformers) (3.3.2)\n",
      "Requirement already satisfied: numpy in /Users/admin/.pyenv/versions/3.7.7/envs/finbert/lib/python3.7/site-packages (from transformers) (1.21.4)\n",
      "Requirement already satisfied: packaging in /Users/admin/.pyenv/versions/3.7.7/envs/finbert/lib/python3.7/site-packages (from transformers) (21.2)\n",
      "Requirement already satisfied: sacremoses in /Users/admin/.pyenv/versions/3.7.7/envs/finbert/lib/python3.7/site-packages (from transformers) (0.0.46)\n",
      "Requirement already satisfied: tqdm>=4.27 in /Users/admin/.pyenv/versions/3.7.7/envs/finbert/lib/python3.7/site-packages (from transformers) (4.62.3)\n",
      "Requirement already satisfied: pyparsing<3,>=2.0.2 in /Users/admin/.pyenv/versions/3.7.7/envs/finbert/lib/python3.7/site-packages (from packaging->transformers) (2.4.7)\n",
      "Requirement already satisfied: certifi>=2017.4.17 in /Users/admin/.pyenv/versions/3.7.7/envs/finbert/lib/python3.7/site-packages (from requests->transformers) (2021.10.8)\n",
      "Requirement already satisfied: urllib3<1.27,>=1.21.1 in /Users/admin/.pyenv/versions/3.7.7/envs/finbert/lib/python3.7/site-packages (from requests->transformers) (1.26.7)\n",
      "Requirement already satisfied: charset-normalizer~=2.0.0 in /Users/admin/.pyenv/versions/3.7.7/envs/finbert/lib/python3.7/site-packages (from requests->transformers) (2.0.7)\n",
      "Requirement already satisfied: idna<4,>=2.5 in /Users/admin/.pyenv/versions/3.7.7/envs/finbert/lib/python3.7/site-packages (from requests->transformers) (3.3)\n",
      "Requirement already satisfied: joblib in /Users/admin/.pyenv/versions/3.7.7/envs/finbert/lib/python3.7/site-packages (from sacremoses->transformers) (0.13.2)\n",
      "Requirement already satisfied: click in /Users/admin/.pyenv/versions/3.7.7/envs/finbert/lib/python3.7/site-packages (from sacremoses->transformers) (8.0.3)\n",
      "Requirement already satisfied: six in /Users/admin/.pyenv/versions/3.7.7/envs/finbert/lib/python3.7/site-packages (from sacremoses->transformers) (1.16.0)\n",
      "Requirement already satisfied: importlib-metadata in /Users/admin/.pyenv/versions/3.7.7/envs/finbert/lib/python3.7/site-packages (from click->sacremoses->transformers) (4.8.2)\n",
      "Requirement already satisfied: typing-extensions>=3.6.4 in /Users/admin/.pyenv/versions/3.7.7/envs/finbert/lib/python3.7/site-packages (from importlib-metadata->click->sacremoses->transformers) (3.10.0.2)\n",
      "Requirement already satisfied: zipp>=0.5 in /Users/admin/.pyenv/versions/3.7.7/envs/finbert/lib/python3.7/site-packages (from importlib-metadata->click->sacremoses->transformers) (3.6.0)\n",
      "\u001b[33mWARNING: You are using pip version 21.2.4; however, version 21.3.1 is available.\n",
      "You should consider upgrading via the '/Users/admin/.pyenv/versions/3.7.7/envs/finbert/bin/python -m pip install --upgrade pip' command.\u001b[0m\n",
      "Requirement already satisfied: torch in /Users/admin/.pyenv/versions/3.7.7/envs/finbert/lib/python3.7/site-packages (1.1.0)\n",
      "Requirement already satisfied: numpy in /Users/admin/.pyenv/versions/3.7.7/envs/finbert/lib/python3.7/site-packages (from torch) (1.21.4)\n",
      "\u001b[33mWARNING: You are using pip version 21.2.4; however, version 21.3.1 is available.\n",
      "You should consider upgrading via the '/Users/admin/.pyenv/versions/3.7.7/envs/finbert/bin/python -m pip install --upgrade pip' command.\u001b[0m\n"
     ]
    }
   ],
   "source": [
    "#install hugging face transformers and torch\n",
    "!pip install transformers\n",
    "!pip install torch"
   ]
  },
  {
   "cell_type": "code",
   "execution_count": 2,
   "metadata": {},
   "outputs": [],
   "source": [
    "from transformers import AutoTokenizer, AutoModelForSequenceClassification\n",
    "import torch\n",
    "import pandas as pd\n",
    "import numpy as np\n",
    "\n",
    "#import pretrained tokenizer\n",
    "tokenizer = AutoTokenizer.from_pretrained(\"ProsusAI/finbert\")\n",
    "\n",
    "#import pretrained model\n",
    "model = AutoModelForSequenceClassification.from_pretrained(\"ProsusAI/finbert\")"
   ]
  },
  {
   "cell_type": "code",
   "execution_count": 3,
   "metadata": {},
   "outputs": [],
   "source": [
    "#import csv and sample => CHANGE PATH\n",
    "headlines_df = pd.read_csv('../data/analyst_ratings_processed.csv')\n",
    "headlines_df = headlines_df.sample(300, random_state=42)"
   ]
  },
  {
   "cell_type": "code",
   "execution_count": 6,
   "metadata": {},
   "outputs": [
    {
     "data": {
      "text/plain": [
       "['REMINDER: Alexion Pharmaceuticals Has PDUFA Date For Eculizumab sBLA Today',\n",
       " 'Astro-Med Q2 EPS $0.17 Up From $0.11 YoY, Sales $33.8M Up From $27.483M YoY',\n",
       " 'Stocks That Hit 52-Week Lows On Thursday',\n",
       " 'Stocks That Hit 52-Week Highs On Tuesday',\n",
       " 'Novabay Pharmaceuticals Chiarman Najafi Buys 50,000 Shares @$0.65 -Form 4']"
      ]
     },
     "execution_count": 6,
     "metadata": {},
     "output_type": "execute_result"
    }
   ],
   "source": [
    "#transform to numpy - shuffle and put only headlines in list\n",
    "headlines_array = np.array(headlines_df)\n",
    "np.random.shuffle(headlines_array)\n",
    "headlines_list = list(headlines_array[:,1])\n",
    "\n",
    "headlines_list[:5]"
   ]
  },
  {
   "cell_type": "code",
   "execution_count": 7,
   "metadata": {},
   "outputs": [],
   "source": [
    "#tokenize inputs\n",
    "inputs = tokenizer(headlines_list, padding = True, truncation = True, return_tensors='pt')\n"
   ]
  },
  {
   "cell_type": "code",
   "execution_count": 10,
   "metadata": {},
   "outputs": [
    {
     "ename": "AttributeError",
     "evalue": "",
     "output_type": "error",
     "traceback": [
      "\u001b[0;31m---------------------------------------------------------------------------\u001b[0m",
      "\u001b[0;31mKeyError\u001b[0m                                  Traceback (most recent call last)",
      "\u001b[0;32m~/.pyenv/versions/3.7.7/envs/finbert/lib/python3.7/site-packages/transformers/tokenization_utils_base.py\u001b[0m in \u001b[0;36m__getattr__\u001b[0;34m(self, item)\u001b[0m\n\u001b[1;32m    293\u001b[0m         \u001b[0;32mtry\u001b[0m\u001b[0;34m:\u001b[0m\u001b[0;34m\u001b[0m\u001b[0;34m\u001b[0m\u001b[0m\n\u001b[0;32m--> 294\u001b[0;31m             \u001b[0;32mreturn\u001b[0m \u001b[0mself\u001b[0m\u001b[0;34m.\u001b[0m\u001b[0mdata\u001b[0m\u001b[0;34m[\u001b[0m\u001b[0mitem\u001b[0m\u001b[0;34m]\u001b[0m\u001b[0;34m\u001b[0m\u001b[0;34m\u001b[0m\u001b[0m\n\u001b[0m\u001b[1;32m    295\u001b[0m         \u001b[0;32mexcept\u001b[0m \u001b[0mKeyError\u001b[0m\u001b[0;34m:\u001b[0m\u001b[0;34m\u001b[0m\u001b[0;34m\u001b[0m\u001b[0m\n",
      "\u001b[0;31mKeyError\u001b[0m: 'shape'",
      "\nDuring handling of the above exception, another exception occurred:\n",
      "\u001b[0;31mAttributeError\u001b[0m                            Traceback (most recent call last)",
      "\u001b[0;32m<ipython-input-10-e3fbfad5c06c>\u001b[0m in \u001b[0;36m<module>\u001b[0;34m\u001b[0m\n\u001b[0;32m----> 1\u001b[0;31m \u001b[0minputs\u001b[0m\u001b[0;34m.\u001b[0m\u001b[0mshape\u001b[0m\u001b[0;34m(\u001b[0m\u001b[0;34m)\u001b[0m\u001b[0;34m\u001b[0m\u001b[0;34m\u001b[0m\u001b[0m\n\u001b[0m",
      "\u001b[0;32m~/.pyenv/versions/3.7.7/envs/finbert/lib/python3.7/site-packages/transformers/tokenization_utils_base.py\u001b[0m in \u001b[0;36m__getattr__\u001b[0;34m(self, item)\u001b[0m\n\u001b[1;32m    294\u001b[0m             \u001b[0;32mreturn\u001b[0m \u001b[0mself\u001b[0m\u001b[0;34m.\u001b[0m\u001b[0mdata\u001b[0m\u001b[0;34m[\u001b[0m\u001b[0mitem\u001b[0m\u001b[0;34m]\u001b[0m\u001b[0;34m\u001b[0m\u001b[0;34m\u001b[0m\u001b[0m\n\u001b[1;32m    295\u001b[0m         \u001b[0;32mexcept\u001b[0m \u001b[0mKeyError\u001b[0m\u001b[0;34m:\u001b[0m\u001b[0;34m\u001b[0m\u001b[0;34m\u001b[0m\u001b[0m\n\u001b[0;32m--> 296\u001b[0;31m             \u001b[0;32mraise\u001b[0m \u001b[0mAttributeError\u001b[0m\u001b[0;34m\u001b[0m\u001b[0;34m\u001b[0m\u001b[0m\n\u001b[0m\u001b[1;32m    297\u001b[0m \u001b[0;34m\u001b[0m\u001b[0m\n\u001b[1;32m    298\u001b[0m     \u001b[0;32mdef\u001b[0m \u001b[0m__getstate__\u001b[0m\u001b[0;34m(\u001b[0m\u001b[0mself\u001b[0m\u001b[0;34m)\u001b[0m\u001b[0;34m:\u001b[0m\u001b[0;34m\u001b[0m\u001b[0;34m\u001b[0m\u001b[0m\n",
      "\u001b[0;31mAttributeError\u001b[0m: "
     ]
    }
   ],
   "source": [
    "inputs.shape()"
   ]
  },
  {
   "cell_type": "code",
   "execution_count": 14,
   "metadata": {},
   "outputs": [
    {
     "name": "stdout",
     "output_type": "stream",
     "text": [
      "tensor([[-1.2894e-01, -2.0035e+00,  2.3312e+00],\n",
      "        [-6.7542e-01, -1.0647e+00,  2.4427e+00],\n",
      "        [-5.4200e-02, -1.7218e+00,  1.7962e+00],\n",
      "        [-2.7527e-02,  3.8342e-01, -1.0451e+00],\n",
      "        [-1.3014e+00, -2.5441e-01,  2.0419e+00],\n",
      "        [ 1.3989e+00, -1.1835e+00, -5.7344e-01],\n",
      "        [-6.1789e-01, -6.1832e-01,  2.2074e+00],\n",
      "        [-4.1380e-01, -1.6176e+00,  2.3685e+00],\n",
      "        [-1.5047e+00,  3.6868e-01,  1.9665e+00],\n",
      "        [-6.3233e-01, -1.2856e+00,  2.3468e+00],\n",
      "        [ 1.4522e+00, -1.9045e+00, -5.5520e-01],\n",
      "        [-6.2040e-01, -4.7357e-01,  1.6303e+00],\n",
      "        [-5.7356e-01, -1.7327e+00,  2.5544e+00],\n",
      "        [-3.3227e-01, -8.8253e-01,  1.5452e+00],\n",
      "        [-1.5273e+00,  4.1823e-01,  2.0009e+00],\n",
      "        [-1.8193e+00,  2.9770e+00, -8.1709e-01],\n",
      "        [-9.6787e-01,  1.1750e+00, -4.0121e-02],\n",
      "        [-1.6514e+00,  1.5297e+00,  8.9895e-01],\n",
      "        [-1.2285e+00,  2.8388e+00, -1.6165e+00],\n",
      "        [-4.5131e-02, -1.4216e+00,  1.4730e+00],\n",
      "        [ 4.4266e-01, -1.9163e+00,  1.7581e+00],\n",
      "        [-1.0472e+00,  2.4594e+00, -1.2585e+00],\n",
      "        [-1.2169e+00,  4.7663e-01,  1.4687e+00],\n",
      "        [ 1.8613e+00, -1.3916e+00, -1.3606e+00],\n",
      "        [ 1.6431e+00, -2.2016e+00, -5.4107e-01],\n",
      "        [ 1.1010e+00, -1.8623e+00,  9.1197e-02],\n",
      "        [-1.1549e+00, -6.8219e-01,  2.4942e+00],\n",
      "        [-5.2027e-01, -6.2575e-01,  1.6089e+00],\n",
      "        [-1.7327e+00,  3.0133e+00, -9.8286e-01],\n",
      "        [ 1.6720e+00, -2.6828e+00,  5.5992e-01],\n",
      "        [ 1.5976e+00, -2.5363e+00,  1.8423e-01],\n",
      "        [ 7.8916e-01, -2.4967e+00,  1.8421e+00],\n",
      "        [-5.7909e-01, -9.1581e-01,  2.1329e+00],\n",
      "        [ 2.3598e-01, -2.2644e+00,  1.9988e+00],\n",
      "        [ 1.2991e-01,  4.7229e-01, -1.4217e+00],\n",
      "        [ 2.0968e-01, -1.7947e+00,  1.6362e+00],\n",
      "        [ 7.9070e-02,  4.6324e-01, -3.5327e-01],\n",
      "        [-8.0495e-01, -1.0101e+00,  2.3396e+00],\n",
      "        [ 1.1903e+00, -2.4902e+00,  1.0382e+00],\n",
      "        [-5.9189e-01, -3.5068e-01,  1.4063e+00],\n",
      "        [ 1.6430e+00, -1.1563e+00, -1.4941e+00],\n",
      "        [ 6.2255e-01, -2.0877e-02, -1.6404e+00],\n",
      "        [-1.2305e+00, -3.3808e-01,  2.4547e+00],\n",
      "        [-4.1557e-01, -5.1305e-01,  1.1137e+00],\n",
      "        [ 1.0960e+00, -1.2596e+00, -1.0220e+00],\n",
      "        [ 8.0729e-01, -1.6875e+00,  5.2529e-01],\n",
      "        [ 5.1299e-01, -1.8089e+00,  1.0397e+00],\n",
      "        [-3.0662e-01,  2.8541e-01, -3.2386e-01],\n",
      "        [-1.8459e+00,  3.0885e+00, -7.9671e-01],\n",
      "        [-1.6079e+00,  2.2184e+00, -1.1873e-01],\n",
      "        [-1.6758e+00,  2.9195e+00, -1.0112e+00],\n",
      "        [-1.5631e+00,  2.3026e+00, -4.5300e-01],\n",
      "        [-2.2519e-01, -1.5736e+00,  2.1402e+00],\n",
      "        [-1.0820e+00, -9.7999e-01,  2.5981e+00],\n",
      "        [ 8.7949e-01, -2.2766e+00,  1.4500e+00],\n",
      "        [-1.2751e+00, -4.8391e-01,  2.5377e+00],\n",
      "        [-1.7226e-01,  1.2794e+00, -1.7120e+00],\n",
      "        [-1.1851e+00,  2.2387e+00, -9.2785e-01],\n",
      "        [-2.7481e-01, -1.8699e+00,  2.4616e+00],\n",
      "        [ 1.9190e+00, -2.3539e+00, -4.6599e-01],\n",
      "        [ 5.1943e-01, -2.4474e+00,  2.0266e+00],\n",
      "        [ 1.7260e+00, -2.5439e+00, -6.4539e-02],\n",
      "        [ 2.0757e+00, -2.1061e+00, -1.2206e+00],\n",
      "        [ 2.5385e-01, -1.7739e+00,  1.6721e+00],\n",
      "        [ 2.3358e-01,  1.9246e-01, -1.2568e+00],\n",
      "        [-2.3374e-02, -4.1052e-02,  3.1603e-01],\n",
      "        [ 8.4654e-01, -2.5964e+00,  1.7842e+00],\n",
      "        [ 1.2677e+00, -2.4224e+00,  6.4035e-01],\n",
      "        [ 1.4600e+00, -7.3648e-01, -1.4970e+00],\n",
      "        [-8.6784e-01,  1.3377e+00, -3.1394e-01],\n",
      "        [-6.4689e-01, -1.5176e+00,  2.5074e+00],\n",
      "        [-4.2139e-01, -1.4601e+00,  1.9868e+00],\n",
      "        [-7.1299e-01, -6.3793e-01,  2.0280e+00],\n",
      "        [ 1.8710e+00, -1.7386e+00, -1.4375e+00],\n",
      "        [-1.3836e+00,  1.1537e+00,  1.0531e+00],\n",
      "        [ 4.8739e-01, -2.4585e+00,  2.1729e+00],\n",
      "        [ 2.0190e+00, -1.5746e+00, -1.6835e+00],\n",
      "        [ 5.1381e-01, -1.7233e+00,  1.4033e+00],\n",
      "        [-1.0587e+00, -6.4982e-01,  2.4144e+00],\n",
      "        [ 6.3539e-01, -7.3333e-01, -8.0390e-01],\n",
      "        [-1.8098e+00,  2.2806e+00,  4.1607e-01],\n",
      "        [ 1.9272e+00, -2.7733e+00,  1.8168e-01],\n",
      "        [-8.4715e-01, -1.2266e+00,  2.6479e+00],\n",
      "        [-1.6007e+00,  2.4073e+00, -1.7966e-01],\n",
      "        [-8.4660e-01, -8.8457e-01,  2.4790e+00],\n",
      "        [ 1.2944e+00, -2.3861e+00,  1.3138e-02],\n",
      "        [-1.4808e+00,  4.0015e-01,  1.9928e+00],\n",
      "        [ 7.0640e-01, -2.6379e-01, -1.4248e+00],\n",
      "        [ 1.3396e+00, -2.2059e+00,  1.6267e-01],\n",
      "        [ 1.6458e-01, -1.1587e+00,  1.1028e+00],\n",
      "        [-1.6686e+00,  2.8346e+00, -8.4990e-01],\n",
      "        [-1.4110e+00,  2.1938e+00, -4.8372e-01],\n",
      "        [-9.9105e-01, -1.1522e+00,  2.7000e+00],\n",
      "        [-1.2776e+00,  2.3767e+00, -5.8689e-01],\n",
      "        [ 2.0725e+00, -1.9650e+00, -1.3346e+00],\n",
      "        [-1.5676e+00,  2.3482e+00, -2.2898e-01],\n",
      "        [-1.8036e+00,  2.9928e+00, -8.5940e-01],\n",
      "        [-5.0052e-01, -1.2950e+00,  2.4662e+00],\n",
      "        [-4.7466e-03, -9.3771e-01,  1.2074e+00],\n",
      "        [ 1.0549e+00, -2.4595e+00,  1.2444e+00],\n",
      "        [-4.0051e-01,  8.1281e-01, -8.2364e-01],\n",
      "        [-1.5854e+00,  5.6633e-01,  1.8931e+00],\n",
      "        [-7.8173e-01, -8.7456e-01,  2.1636e+00],\n",
      "        [ 3.4323e-01, -1.5923e+00,  1.7108e+00],\n",
      "        [ 8.7204e-02, -2.3396e+00,  2.2149e+00],\n",
      "        [ 1.6344e+00, -2.7051e+00,  7.8808e-02],\n",
      "        [ 1.8010e+00, -1.9526e+00, -1.0803e+00],\n",
      "        [-9.0371e-01,  1.5170e+00,  1.8181e-01],\n",
      "        [ 1.9968e+00, -1.4364e+00, -1.7310e+00],\n",
      "        [-2.6533e-01,  4.7369e-01, -5.1418e-01],\n",
      "        [-1.4378e+00,  1.2948e-01,  2.1697e+00],\n",
      "        [ 8.1691e-01, -1.8132e+00,  4.7612e-01],\n",
      "        [-1.0334e+00, -6.6519e-01,  2.1833e+00],\n",
      "        [-1.6358e+00,  1.6509e+00,  8.6729e-01],\n",
      "        [ 2.1811e-01,  1.3837e+00, -1.6399e+00],\n",
      "        [-9.6408e-01, -8.7662e-01,  2.5650e+00],\n",
      "        [-1.1876e+00,  1.8590e-01,  1.9141e+00],\n",
      "        [ 1.9987e+00, -1.9561e+00, -1.4173e+00],\n",
      "        [ 1.6598e-01, -2.2161e+00,  2.1701e+00],\n",
      "        [-8.9121e-01, -2.2768e-01,  1.8761e+00],\n",
      "        [-1.4472e+00,  1.5449e-01,  2.1640e+00],\n",
      "        [-1.0929e+00, -7.8296e-01,  2.5228e+00],\n",
      "        [-1.6578e+00,  1.9500e+00,  3.0974e-01],\n",
      "        [ 2.7334e-01, -2.0451e+00,  2.1133e+00],\n",
      "        [-1.2948e+00,  3.5759e-01,  1.8043e+00],\n",
      "        [-1.2005e+00, -6.5760e-01,  2.5875e+00],\n",
      "        [-1.5674e+00,  1.8115e+00,  5.8015e-02],\n",
      "        [-1.4539e+00,  1.7549e-01,  2.1046e+00],\n",
      "        [-1.3619e+00,  3.1516e-01,  1.8351e+00],\n",
      "        [ 1.9398e+00, -2.6384e+00, -4.9131e-02],\n",
      "        [ 1.1558e+00, -2.8837e+00,  1.5925e+00],\n",
      "        [-1.3418e-01, -1.8245e+00,  2.1907e+00],\n",
      "        [-1.4456e+00,  1.6917e+00,  7.0901e-01],\n",
      "        [-5.0321e-01, -1.1035e+00,  2.0725e+00],\n",
      "        [ 1.7008e+00, -2.2732e+00, -4.1647e-01],\n",
      "        [ 3.4323e-01, -1.5923e+00,  1.7108e+00],\n",
      "        [ 4.9575e-01, -1.5719e+00,  1.1981e+00],\n",
      "        [ 2.1344e-01, -2.3273e+00,  2.1063e+00],\n",
      "        [ 1.5490e+00, -1.3947e+00, -1.3652e+00],\n",
      "        [-1.3670e+00,  1.5745e+00,  4.3196e-01],\n",
      "        [ 2.0535e+00, -2.4443e+00, -6.9606e-01],\n",
      "        [-1.3014e+00, -5.0417e-01,  2.4514e+00],\n",
      "        [ 1.2187e+00, -2.4181e+00,  7.8101e-01],\n",
      "        [-3.0759e-02, -2.0547e+00,  2.2782e+00],\n",
      "        [-1.1374e+00, -2.5372e-01,  2.2815e+00],\n",
      "        [-9.0632e-02, -2.0062e+00,  2.4157e+00],\n",
      "        [ 3.4323e-01, -1.5923e+00,  1.7108e+00],\n",
      "        [ 1.6910e+00, -1.4771e+00, -1.2985e+00],\n",
      "        [-1.7522e+00,  3.0480e+00, -1.0247e+00],\n",
      "        [ 1.0593e+00, -8.8802e-01, -2.9142e-01],\n",
      "        [ 5.4362e-02, -1.4675e+00,  1.9464e+00],\n",
      "        [-2.3216e-01, -7.8692e-01,  1.3573e+00],\n",
      "        [ 1.8042e-01, -1.0997e+00,  1.4183e+00],\n",
      "        [ 7.9459e-01, -2.3145e+00,  1.5239e+00],\n",
      "        [-3.7781e-01, -1.8577e+00,  2.5023e+00],\n",
      "        [-5.1342e-01,  2.0297e+00, -1.8869e+00],\n",
      "        [ 1.3460e+00, -7.8827e-01, -1.7339e+00],\n",
      "        [-2.1422e-01,  1.8195e+00, -2.0088e+00],\n",
      "        [-1.3064e+00,  7.7362e-01,  1.2481e+00],\n",
      "        [ 3.3198e-01,  8.7158e-01, -1.8517e+00],\n",
      "        [ 1.9508e+00, -2.1025e+00, -1.2305e+00],\n",
      "        [-1.1019e+00, -8.5230e-01,  2.4730e+00],\n",
      "        [-9.6925e-01,  2.3272e-01,  1.2241e+00],\n",
      "        [-1.1403e+00,  8.6458e-01,  7.5559e-01],\n",
      "        [ 4.6381e-01, -5.3790e-01,  1.0977e-01],\n",
      "        [-2.3543e-01,  1.4966e-01, -3.5941e-01],\n",
      "        [-1.0921e+00, -3.0516e-01,  2.0767e+00],\n",
      "        [ 1.7278e-01, -2.1799e+00,  2.0740e+00],\n",
      "        [-4.5954e-01, -3.3214e-01,  1.0214e+00],\n",
      "        [ 4.0752e-01, -1.5273e+00,  1.3198e+00],\n",
      "        [ 1.0197e+00, -2.4287e+00,  1.2047e+00],\n",
      "        [ 3.2081e-01, -1.4804e+00,  1.2323e+00],\n",
      "        [-1.2107e+00,  1.4008e+00,  9.9249e-02],\n",
      "        [ 9.0811e-01, -2.2526e+00,  1.2017e+00],\n",
      "        [-2.3290e-01,  1.2805e+00, -1.8195e+00],\n",
      "        [-1.7142e+00,  2.4595e+00,  3.9472e-01],\n",
      "        [-1.7751e+00,  2.6749e+00, -4.4290e-01],\n",
      "        [-3.6225e-01, -1.8994e+00,  2.4497e+00],\n",
      "        [-6.4680e-01, -8.0911e-01,  1.9404e+00],\n",
      "        [-5.1034e-01, -1.4140e+00,  2.4658e+00],\n",
      "        [-1.6831e+00,  2.9531e+00, -9.4076e-01],\n",
      "        [ 1.6907e+00, -6.2889e-01, -1.9078e+00],\n",
      "        [-4.4768e-01, -8.2182e-01,  1.4771e+00],\n",
      "        [ 4.0426e-01, -2.4181e+00,  2.0182e+00],\n",
      "        [ 1.3555e+00, -2.3008e+00,  3.0803e-01],\n",
      "        [-1.6077e-01, -1.8143e-01,  4.2050e-01],\n",
      "        [-4.2392e-01, -1.5952e+00,  2.3043e+00],\n",
      "        [-1.0824e+00, -4.2878e-01,  2.1634e+00],\n",
      "        [ 7.9332e-01, -2.4327e+00,  1.8519e+00],\n",
      "        [-1.1874e+00, -5.3950e-01,  2.1406e+00],\n",
      "        [-1.6522e+00,  2.8271e+00, -7.0820e-01],\n",
      "        [ 1.9213e-01, -1.7494e+00,  1.6797e+00],\n",
      "        [-1.1919e+00, -5.5728e-01,  2.3528e+00],\n",
      "        [ 1.8090e+00, -2.0275e+00, -8.8909e-01],\n",
      "        [-1.6070e+00,  2.6906e+00, -7.3862e-01],\n",
      "        [-7.9942e-01, -1.0177e+00,  2.0862e+00],\n",
      "        [-1.1118e+00,  7.3131e-01,  9.1976e-01],\n",
      "        [ 5.7137e-01, -1.7227e+00,  8.9743e-01],\n",
      "        [-8.2896e-01, -3.0864e-01,  1.3827e+00],\n",
      "        [ 1.2221e+00, -2.5107e+00,  1.0215e+00],\n",
      "        [-8.0081e-02, -2.0130e+00,  2.2641e+00],\n",
      "        [-9.5182e-01, -4.7683e-01,  2.1732e+00],\n",
      "        [-1.2017e+00,  9.7742e-01,  9.3038e-01],\n",
      "        [ 3.4323e-01, -1.5923e+00,  1.7108e+00],\n",
      "        [-6.6465e-01, -5.8805e-01,  1.2185e+00],\n",
      "        [ 2.0557e+00, -1.4729e+00, -1.7830e+00],\n",
      "        [-4.2130e-01, -1.6041e+00,  2.4605e+00],\n",
      "        [ 1.9835e+00, -2.5012e+00, -2.3792e-01],\n",
      "        [-1.1678e+00, -7.9217e-01,  2.5118e+00],\n",
      "        [-1.3834e+00,  2.4731e+00, -7.2889e-01],\n",
      "        [-2.1005e-01, -9.9583e-01,  1.5132e+00],\n",
      "        [ 2.1141e+00, -2.0579e+00, -1.3233e+00],\n",
      "        [ 1.8864e+00, -2.2984e+00, -6.9372e-01],\n",
      "        [ 1.4460e-01, -1.7058e+00,  1.7151e+00],\n",
      "        [ 1.0133e+00, -6.2176e-01, -1.4385e+00],\n",
      "        [-1.1640e+00,  1.3065e-02,  1.7385e+00],\n",
      "        [ 1.5406e+00, -2.4558e+00,  3.3731e-01],\n",
      "        [ 1.9215e+00, -1.8227e+00, -1.4068e+00],\n",
      "        [ 7.2332e-01, -1.8020e-02, -1.6341e+00],\n",
      "        [-9.6695e-01, -2.4375e-01,  2.2491e+00],\n",
      "        [ 5.1320e-02,  7.4040e-01, -1.3838e+00],\n",
      "        [ 7.8164e-01, -2.1045e-01, -6.8581e-01],\n",
      "        [-1.4061e+00, -1.3521e-01,  2.4027e+00],\n",
      "        [ 1.2051e+00, -1.7832e+00,  2.9612e-03],\n",
      "        [ 1.2568e+00, -2.2775e+00,  7.3351e-01],\n",
      "        [ 9.1913e-01, -4.3269e-01, -8.4751e-01],\n",
      "        [-1.0141e+00, -5.1277e-01,  2.3772e+00],\n",
      "        [ 1.1622e+00, -3.6485e-01, -1.6695e+00],\n",
      "        [-1.1139e+00,  3.4940e-01,  1.3648e+00],\n",
      "        [-5.1211e-01, -1.7172e+00,  2.4865e+00],\n",
      "        [-2.2032e-01, -1.6770e+00,  2.2643e+00],\n",
      "        [ 4.6287e-03,  9.1449e-01, -1.6918e+00],\n",
      "        [ 4.4486e-01, -2.3987e+00,  1.9350e+00],\n",
      "        [-6.2111e-01, -6.4464e-02,  1.0155e+00],\n",
      "        [ 1.7453e+00, -1.3956e+00, -1.5843e+00],\n",
      "        [ 1.8686e+00, -2.1136e+00, -1.1659e+00],\n",
      "        [-3.3227e-01, -8.8253e-01,  1.5452e+00],\n",
      "        [-1.7813e+00,  2.6735e+00, -1.4718e-01],\n",
      "        [-6.2622e-01, -1.6144e+00,  2.5405e+00],\n",
      "        [-1.8232e+00,  2.7552e+00, -1.5999e-01],\n",
      "        [-1.8812e+00,  3.0283e+00, -7.5629e-01],\n",
      "        [-9.1079e-01,  1.2434e+00, -2.1401e-01],\n",
      "        [-1.2461e+00,  6.5812e-01,  1.3612e+00],\n",
      "        [ 6.8627e-01, -1.4370e+00,  3.8152e-01],\n",
      "        [-1.1495e+00, -5.5782e-01,  2.4530e+00],\n",
      "        [ 4.8116e-01, -2.4237e+00,  1.9549e+00],\n",
      "        [-1.3456e+00,  3.2275e-01,  1.9915e+00],\n",
      "        [ 1.3955e-01, -1.1344e+00,  1.1380e+00],\n",
      "        [-1.5955e+00,  1.5740e+00,  8.2934e-01],\n",
      "        [-9.5854e-02, -1.9803e+00,  2.4373e+00],\n",
      "        [-3.2955e-01,  3.2026e-01,  2.1345e-01],\n",
      "        [ 1.3021e+00, -1.4511e+00, -8.6350e-01],\n",
      "        [-1.5908e+00,  1.5192e+00,  8.9557e-01],\n",
      "        [ 1.8265e+00, -2.5404e+00, -2.2255e-01],\n",
      "        [ 1.9511e+00, -1.7656e+00, -1.5102e+00],\n",
      "        [-1.1990e+00, -6.6207e-01,  2.5807e+00],\n",
      "        [-3.9510e-01, -1.9017e+00,  2.5048e+00],\n",
      "        [ 8.8260e-01,  7.9468e-02, -1.8547e+00],\n",
      "        [-1.0728e+00, -2.9076e-03,  1.9918e+00],\n",
      "        [ 1.4950e+00, -1.9934e+00, -4.9488e-01],\n",
      "        [-1.0198e-01,  1.5437e+00, -2.0746e+00],\n",
      "        [ 2.0805e+00, -1.7477e+00, -1.6154e+00],\n",
      "        [-1.3609e-03, -1.8742e+00,  1.9353e+00],\n",
      "        [-5.0728e-01,  5.4489e-01, -3.1819e-01],\n",
      "        [ 2.0995e-01, -3.8872e-01,  1.2850e-03],\n",
      "        [-8.1009e-01, -1.1012e+00,  2.1797e+00],\n",
      "        [-2.1947e-01, -1.7844e+00,  2.4427e+00],\n",
      "        [-1.4114e+00,  2.4482e+00, -6.6270e-01],\n",
      "        [-1.6595e+00,  9.1033e-01,  1.8213e+00],\n",
      "        [-1.4732e+00,  4.1568e-01,  1.9340e+00],\n",
      "        [ 1.5895e+00, -2.5079e+00,  1.9799e-01],\n",
      "        [ 2.0511e+00, -2.3924e+00, -8.9282e-01],\n",
      "        [-1.7846e+00,  3.0309e+00, -9.5272e-01],\n",
      "        [-9.2314e-01, -1.0813e+00,  2.5366e+00],\n",
      "        [-1.9806e-01, -1.8047e+00,  2.3171e+00],\n",
      "        [ 1.7210e+00, -2.1309e+00, -7.5886e-01],\n",
      "        [ 1.7869e-01, -1.2619e+00,  1.2714e+00],\n",
      "        [-1.5170e+00,  2.4471e+00,  1.4458e-02],\n",
      "        [ 1.5676e+00, -2.0894e+00, -5.2696e-01],\n",
      "        [-5.6702e-01,  1.1853e+00, -9.1190e-01],\n",
      "        [-1.6560e+00,  1.5657e+00,  1.0181e+00],\n",
      "        [-5.9818e-01,  2.1260e-02,  4.5395e-01],\n",
      "        [ 4.5121e-01, -1.6152e+00,  9.0494e-01],\n",
      "        [-1.0296e+00, -6.5924e-01,  2.4660e+00],\n",
      "        [-9.0446e-02, -4.1600e-01,  1.2378e+00],\n",
      "        [-2.3698e-01, -1.6943e+00,  2.3085e+00],\n",
      "        [-1.4136e+00,  2.4168e+00, -7.0647e-01],\n",
      "        [-8.2395e-01,  2.3774e+00, -1.7580e+00],\n",
      "        [ 9.1318e-01, -1.1389e+00, -9.8002e-01],\n",
      "        [-3.9167e-01, -1.6424e+00,  2.2848e+00],\n",
      "        [-5.9793e-01, -1.3128e+00,  2.3687e+00],\n",
      "        [-1.4631e+00,  1.2864e-01,  2.1988e+00],\n",
      "        [-1.4440e+00, -6.3032e-02,  2.4185e+00],\n",
      "        [-9.4104e-02, -2.1635e+00,  2.3527e+00],\n",
      "        [-6.2915e-01, -1.1361e+00,  2.3985e+00],\n",
      "        [-1.7810e+00,  2.9661e+00, -8.1253e-01],\n",
      "        [-4.5879e-02, -1.3569e+00,  1.5550e+00],\n",
      "        [-1.4069e+00,  1.5328e-02,  2.2749e+00],\n",
      "        [ 1.3264e+00, -2.6931e+00,  1.0211e+00],\n",
      "        [-1.0400e+00, -4.8697e-01,  2.1823e+00]], grad_fn=<AddmmBackward>)\n"
     ]
    }
   ],
   "source": [
    "#generate output model\n",
    "outputs = model(**inputs)\n",
    "print(outputs.logits)"
   ]
  },
  {
   "cell_type": "code",
   "execution_count": 16,
   "metadata": {},
   "outputs": [
    {
     "name": "stdout",
     "output_type": "stream",
     "text": [
      "tensor([[0.0778, 0.0119, 0.9103],\n",
      "        [0.0412, 0.0279, 0.9309],\n",
      "        [0.1324, 0.0250, 0.8426],\n",
      "        [0.3485, 0.5256, 0.1260],\n",
      "        [0.0311, 0.0886, 0.8803],\n",
      "        [0.8232, 0.0622, 0.1145],\n",
      "        [0.0530, 0.0530, 0.8940],\n",
      "        [0.0573, 0.0172, 0.9255],\n",
      "        [0.0252, 0.1640, 0.8108],\n",
      "        [0.0472, 0.0246, 0.9283],\n",
      "        [0.8553, 0.0298, 0.1149],\n",
      "        [0.0858, 0.0994, 0.8148],\n",
      "        [0.0414, 0.0130, 0.9456],\n",
      "        [0.1232, 0.0711, 0.8057],\n",
      "        [0.0238, 0.1664, 0.8099],\n",
      "        [0.0080, 0.9702, 0.0218],\n",
      "        [0.0830, 0.7072, 0.2098],\n",
      "        [0.0264, 0.6354, 0.3382],\n",
      "        [0.0166, 0.9721, 0.0113],\n",
      "        [0.1719, 0.0434, 0.7847],\n",
      "        [0.2074, 0.0196, 0.7730],\n",
      "        [0.0285, 0.9485, 0.0230],\n",
      "        [0.0474, 0.2577, 0.6949],\n",
      "        [0.9272, 0.0358, 0.0370],\n",
      "        [0.8819, 0.0189, 0.0993],\n",
      "        [0.7062, 0.0365, 0.2573],\n",
      "        [0.0244, 0.0391, 0.9365],\n",
      "        [0.0970, 0.0873, 0.8157],\n",
      "        [0.0085, 0.9736, 0.0179],\n",
      "        [0.7453, 0.0096, 0.2451],\n",
      "        [0.7941, 0.0127, 0.1932],\n",
      "        [0.2562, 0.0096, 0.7342],\n",
      "        [0.0596, 0.0426, 0.8978],\n",
      "        [0.1447, 0.0119, 0.8434],\n",
      "        [0.3817, 0.5375, 0.0809],\n",
      "        [0.1887, 0.0254, 0.7859],\n",
      "        [0.3208, 0.4710, 0.2082],\n",
      "        [0.0400, 0.0326, 0.9275],\n",
      "        [0.5308, 0.0134, 0.4559],\n",
      "        [0.1036, 0.1319, 0.7644],\n",
      "        [0.9056, 0.0551, 0.0393],\n",
      "        [0.6137, 0.3225, 0.0638],\n",
      "        [0.0231, 0.0564, 0.9205],\n",
      "        [0.1533, 0.1391, 0.7076],\n",
      "        [0.8230, 0.0780, 0.0990],\n",
      "        [0.5444, 0.0449, 0.4106],\n",
      "        [0.3582, 0.0351, 0.6066],\n",
      "        [0.2638, 0.4769, 0.2593],\n",
      "        [0.0070, 0.9730, 0.0200],\n",
      "        [0.0195, 0.8941, 0.0864],\n",
      "        [0.0098, 0.9711, 0.0191],\n",
      "        [0.0193, 0.9221, 0.0586],\n",
      "        [0.0840, 0.0218, 0.8942],\n",
      "        [0.0239, 0.0265, 0.9495],\n",
      "        [0.3557, 0.0151, 0.6292],\n",
      "        [0.0206, 0.0455, 0.9339],\n",
      "        [0.1823, 0.7786, 0.0391],\n",
      "        [0.0303, 0.9305, 0.0392],\n",
      "        [0.0601, 0.0122, 0.9277],\n",
      "        [0.9041, 0.0126, 0.0833],\n",
      "        [0.1797, 0.0092, 0.8111],\n",
      "        [0.8469, 0.0118, 0.1413],\n",
      "        [0.9503, 0.0145, 0.0352],\n",
      "        [0.1901, 0.0250, 0.7849],\n",
      "        [0.4577, 0.4392, 0.1031],\n",
      "        [0.2953, 0.2901, 0.4146],\n",
      "        [0.2789, 0.0089, 0.7122],\n",
      "        [0.6414, 0.0160, 0.3425],\n",
      "        [0.8597, 0.0956, 0.0447],\n",
      "        [0.0846, 0.7681, 0.1473],\n",
      "        [0.0402, 0.0168, 0.9429],\n",
      "        [0.0802, 0.0284, 0.8914],\n",
      "        [0.0569, 0.0613, 0.8818],\n",
      "        [0.9402, 0.0254, 0.0344],\n",
      "        [0.0399, 0.5042, 0.4559],\n",
      "        [0.1551, 0.0082, 0.8368],\n",
      "        [0.9504, 0.0261, 0.0234],\n",
      "        [0.2824, 0.0302, 0.6874],\n",
      "        [0.0288, 0.0433, 0.9279],\n",
      "        [0.6705, 0.1706, 0.1590],\n",
      "        [0.0143, 0.8535, 0.1323],\n",
      "        [0.8448, 0.0077, 0.1475],\n",
      "        [0.0289, 0.0198, 0.9514],\n",
      "        [0.0166, 0.9146, 0.0688],\n",
      "        [0.0336, 0.0323, 0.9341],\n",
      "        [0.7675, 0.0193, 0.2131],\n",
      "        [0.0251, 0.1648, 0.8101],\n",
      "        [0.6677, 0.2531, 0.0793],\n",
      "        [0.7479, 0.0216, 0.2305],\n",
      "        [0.2617, 0.0697, 0.6687],\n",
      "        [0.0107, 0.9651, 0.0242],\n",
      "        [0.0248, 0.9125, 0.0627],\n",
      "        [0.0238, 0.0203, 0.9559],\n",
      "        [0.0240, 0.9281, 0.0479],\n",
      "        [0.9517, 0.0168, 0.0315],\n",
      "        [0.0182, 0.9125, 0.0693],\n",
      "        [0.0080, 0.9714, 0.0206],\n",
      "        [0.0479, 0.0216, 0.9305],\n",
      "        [0.2104, 0.0827, 0.7069],\n",
      "        [0.4467, 0.0133, 0.5400],\n",
      "        [0.1992, 0.6703, 0.1305],\n",
      "        [0.0238, 0.2047, 0.7715],\n",
      "        [0.0478, 0.0435, 0.9087],\n",
      "        [0.1972, 0.0285, 0.7743],\n",
      "        [0.1054, 0.0093, 0.8852],\n",
      "        [0.8169, 0.0107, 0.1724],\n",
      "        [0.9264, 0.0217, 0.0519],\n",
      "        [0.0657, 0.7397, 0.1946],\n",
      "        [0.9467, 0.0306, 0.0228],\n",
      "        [0.2582, 0.5406, 0.2013],\n",
      "        [0.0234, 0.1123, 0.8642],\n",
      "        [0.5608, 0.0404, 0.3988],\n",
      "        [0.0365, 0.0528, 0.9107],\n",
      "        [0.0250, 0.6693, 0.3057],\n",
      "        [0.2292, 0.7351, 0.0357],\n",
      "        [0.0276, 0.0302, 0.9422],\n",
      "        [0.0368, 0.1453, 0.8179],\n",
      "        [0.9506, 0.0182, 0.0312],\n",
      "        [0.1175, 0.0109, 0.8717],\n",
      "        [0.0530, 0.1030, 0.8440],\n",
      "        [0.0233, 0.1155, 0.8613],\n",
      "        [0.0253, 0.0345, 0.9402],\n",
      "        [0.0222, 0.8190, 0.1588],\n",
      "        [0.1352, 0.0133, 0.8515],\n",
      "        [0.0352, 0.1838, 0.7810],\n",
      "        [0.0213, 0.0367, 0.9420],\n",
      "        [0.0282, 0.8283, 0.1434],\n",
      "        [0.0243, 0.1238, 0.8520],\n",
      "        [0.0325, 0.1737, 0.7939],\n",
      "        [0.8717, 0.0090, 0.1193],\n",
      "        [0.3898, 0.0069, 0.6033],\n",
      "        [0.0876, 0.0162, 0.8962],\n",
      "        [0.0306, 0.7054, 0.2640],\n",
      "        [0.0681, 0.0374, 0.8946],\n",
      "        [0.8778, 0.0165, 0.1057],\n",
      "        [0.1972, 0.0285, 0.7743],\n",
      "        [0.3180, 0.0402, 0.6418],\n",
      "        [0.1296, 0.0102, 0.8602],\n",
      "        [0.9034, 0.0476, 0.0490],\n",
      "        [0.0385, 0.7290, 0.2325],\n",
      "        [0.9302, 0.0104, 0.0595],\n",
      "        [0.0218, 0.0484, 0.9298],\n",
      "        [0.5981, 0.0158, 0.3861],\n",
      "        [0.0893, 0.0118, 0.8989],\n",
      "        [0.0295, 0.0713, 0.8993],\n",
      "        [0.0746, 0.0110, 0.9144],\n",
      "        [0.1972, 0.0285, 0.7743],\n",
      "        [0.9154, 0.0385, 0.0461],\n",
      "        [0.0080, 0.9754, 0.0166],\n",
      "        [0.7134, 0.1018, 0.1848],\n",
      "        [0.1274, 0.0278, 0.8448],\n",
      "        [0.1544, 0.0887, 0.7569],\n",
      "        [0.2116, 0.0588, 0.7296],\n",
      "        [0.3207, 0.0143, 0.6650],\n",
      "        [0.0525, 0.0120, 0.9355],\n",
      "        [0.0716, 0.9103, 0.0181],\n",
      "        [0.8589, 0.1016, 0.0395],\n",
      "        [0.1135, 0.8676, 0.0189],\n",
      "        [0.0457, 0.3660, 0.5883],\n",
      "        [0.3536, 0.6066, 0.0398],\n",
      "        [0.9444, 0.0164, 0.0392],\n",
      "        [0.0263, 0.0338, 0.9399],\n",
      "        [0.0752, 0.2503, 0.6745],\n",
      "        [0.0663, 0.4923, 0.4414],\n",
      "        [0.4833, 0.1775, 0.3392],\n",
      "        [0.2982, 0.4383, 0.2635],\n",
      "        [0.0371, 0.0814, 0.8815],\n",
      "        [0.1284, 0.0122, 0.8594],\n",
      "        [0.1531, 0.1739, 0.6731],\n",
      "        [0.2751, 0.0397, 0.6851],\n",
      "        [0.4474, 0.0142, 0.5383],\n",
      "        [0.2737, 0.0452, 0.6811],\n",
      "        [0.0546, 0.7432, 0.2022],\n",
      "        [0.4195, 0.0178, 0.5627],\n",
      "        [0.1740, 0.7904, 0.0356],\n",
      "        [0.0135, 0.8755, 0.1111],\n",
      "        [0.0111, 0.9470, 0.0419],\n",
      "        [0.0560, 0.0120, 0.9320],\n",
      "        [0.0660, 0.0561, 0.8778],\n",
      "        [0.0476, 0.0193, 0.9331],\n",
      "        [0.0094, 0.9708, 0.0198],\n",
      "        [0.8884, 0.0873, 0.0243],\n",
      "        [0.1171, 0.0805, 0.8024],\n",
      "        [0.1644, 0.0098, 0.8258],\n",
      "        [0.7264, 0.0188, 0.2548],\n",
      "        [0.2654, 0.2600, 0.4746],\n",
      "        [0.0602, 0.0187, 0.9212],\n",
      "        [0.0350, 0.0672, 0.8978],\n",
      "        [0.2550, 0.0101, 0.7349],\n",
      "        [0.0325, 0.0621, 0.9054],\n",
      "        [0.0109, 0.9611, 0.0280],\n",
      "        [0.1795, 0.0258, 0.7947],\n",
      "        [0.0267, 0.0503, 0.9231],\n",
      "        [0.9184, 0.0198, 0.0618],\n",
      "        [0.0130, 0.9560, 0.0310],\n",
      "        [0.0507, 0.0408, 0.9085],\n",
      "        [0.0669, 0.4227, 0.5104],\n",
      "        [0.4022, 0.0406, 0.5572],\n",
      "        [0.0847, 0.1424, 0.7729],\n",
      "        [0.5429, 0.0130, 0.4442],\n",
      "        [0.0864, 0.0125, 0.9011],\n",
      "        [0.0394, 0.0634, 0.8972],\n",
      "        [0.0547, 0.4837, 0.4615],\n",
      "        [0.1972, 0.0285, 0.7743],\n",
      "        [0.1156, 0.1248, 0.7597],\n",
      "        [0.9516, 0.0279, 0.0205],\n",
      "        [0.0522, 0.0160, 0.9318],\n",
      "        [0.8931, 0.0101, 0.0969],\n",
      "        [0.0238, 0.0346, 0.9416],\n",
      "        [0.0199, 0.9418, 0.0383],\n",
      "        [0.1417, 0.0646, 0.7938],\n",
      "        [0.9546, 0.0147, 0.0307],\n",
      "        [0.9166, 0.0140, 0.0694],\n",
      "        [0.1676, 0.0263, 0.8061],\n",
      "        [0.7806, 0.1522, 0.0672],\n",
      "        [0.0445, 0.1444, 0.8110],\n",
      "        [0.7584, 0.0139, 0.2277],\n",
      "        [0.9438, 0.0223, 0.0338],\n",
      "        [0.6365, 0.3033, 0.0602],\n",
      "        [0.0357, 0.0736, 0.8906],\n",
      "        [0.3096, 0.6167, 0.0737],\n",
      "        [0.6245, 0.2316, 0.1440],\n",
      "        [0.0201, 0.0718, 0.9081],\n",
      "        [0.7402, 0.0373, 0.2225],\n",
      "        [0.6166, 0.0180, 0.3654],\n",
      "        [0.6995, 0.1810, 0.1195],\n",
      "        [0.0309, 0.0510, 0.9181],\n",
      "        [0.7836, 0.1702, 0.0462],\n",
      "        [0.0580, 0.2505, 0.6915],\n",
      "        [0.0468, 0.0140, 0.9391],\n",
      "        [0.0756, 0.0176, 0.9068],\n",
      "        [0.2727, 0.6773, 0.0500],\n",
      "        [0.1820, 0.0106, 0.8074],\n",
      "        [0.1269, 0.2213, 0.6518],\n",
      "        [0.9267, 0.0401, 0.0332],\n",
      "        [0.9374, 0.0175, 0.0451],\n",
      "        [0.1232, 0.0711, 0.8057],\n",
      "        [0.0109, 0.9335, 0.0556],\n",
      "        [0.0398, 0.0148, 0.9453],\n",
      "        [0.0096, 0.9394, 0.0509],\n",
      "        [0.0072, 0.9708, 0.0221],\n",
      "        [0.0860, 0.7414, 0.1726],\n",
      "        [0.0470, 0.3156, 0.6374],\n",
      "        [0.5385, 0.0644, 0.3971],\n",
      "        [0.0253, 0.0458, 0.9289],\n",
      "        [0.1845, 0.0101, 0.8054],\n",
      "        [0.0290, 0.1540, 0.8170],\n",
      "        [0.2504, 0.0700, 0.6796],\n",
      "        [0.0277, 0.6592, 0.3131],\n",
      "        [0.0728, 0.0111, 0.9162],\n",
      "        [0.2157, 0.4131, 0.3712],\n",
      "        [0.8486, 0.0541, 0.0973],\n",
      "        [0.0282, 0.6327, 0.3391],\n",
      "        [0.8760, 0.0111, 0.1129],\n",
      "        [0.9472, 0.0230, 0.0297],\n",
      "        [0.0215, 0.0368, 0.9417],\n",
      "        [0.0516, 0.0114, 0.9370],\n",
      "        [0.6611, 0.2961, 0.0428],\n",
      "        [0.0395, 0.1150, 0.8455],\n",
      "        [0.8567, 0.0262, 0.1171],\n",
      "        [0.1581, 0.8199, 0.0220],\n",
      "        [0.9555, 0.0208, 0.0237],\n",
      "        [0.1236, 0.0190, 0.8574],\n",
      "        [0.1972, 0.5646, 0.2382],\n",
      "        [0.4235, 0.2327, 0.3437],\n",
      "        [0.0462, 0.0346, 0.9192],\n",
      "        [0.0644, 0.0135, 0.9222],\n",
