{
 "cells": [
  {
   "cell_type": "code",
   "execution_count": 1,
   "metadata": {},
   "outputs": [
    {
     "name": "stdout",
     "output_type": "stream",
     "text": [
      "Requirement already satisfied: transformers in /Users/admin/.pyenv/versions/3.7.7/envs/finbert/lib/python3.7/site-packages (4.1.1)\n",
      "Requirement already satisfied: requests in /Users/admin/.pyenv/versions/3.7.7/envs/finbert/lib/python3.7/site-packages (from transformers) (2.26.0)\n",
      "Requirement already satisfied: sacremoses in /Users/admin/.pyenv/versions/3.7.7/envs/finbert/lib/python3.7/site-packages (from transformers) (0.0.46)\n",
      "Requirement already satisfied: tqdm>=4.27 in /Users/admin/.pyenv/versions/3.7.7/envs/finbert/lib/python3.7/site-packages (from transformers) (4.62.3)\n",
      "Requirement already satisfied: numpy in /Users/admin/.pyenv/versions/3.7.7/envs/finbert/lib/python3.7/site-packages (from transformers) (1.21.4)\n",
      "Requirement already satisfied: packaging in /Users/admin/.pyenv/versions/3.7.7/envs/finbert/lib/python3.7/site-packages (from transformers) (21.2)\n",
      "Requirement already satisfied: filelock in /Users/admin/.pyenv/versions/3.7.7/envs/finbert/lib/python3.7/site-packages (from transformers) (3.3.2)\n",
      "Requirement already satisfied: regex!=2019.12.17 in /Users/admin/.pyenv/versions/3.7.7/envs/finbert/lib/python3.7/site-packages (from transformers) (2021.11.10)\n",
      "Requirement already satisfied: tokenizers==0.9.4 in /Users/admin/.pyenv/versions/3.7.7/envs/finbert/lib/python3.7/site-packages (from transformers) (0.9.4)\n",
      "Requirement already satisfied: pyparsing<3,>=2.0.2 in /Users/admin/.pyenv/versions/3.7.7/envs/finbert/lib/python3.7/site-packages (from packaging->transformers) (2.4.7)\n",
      "Requirement already satisfied: certifi>=2017.4.17 in /Users/admin/.pyenv/versions/3.7.7/envs/finbert/lib/python3.7/site-packages (from requests->transformers) (2021.10.8)\n",
      "Requirement already satisfied: charset-normalizer~=2.0.0 in /Users/admin/.pyenv/versions/3.7.7/envs/finbert/lib/python3.7/site-packages (from requests->transformers) (2.0.7)\n",
      "Requirement already satisfied: idna<4,>=2.5 in /Users/admin/.pyenv/versions/3.7.7/envs/finbert/lib/python3.7/site-packages (from requests->transformers) (3.3)\n",
      "Requirement already satisfied: urllib3<1.27,>=1.21.1 in /Users/admin/.pyenv/versions/3.7.7/envs/finbert/lib/python3.7/site-packages (from requests->transformers) (1.26.7)\n",
      "Requirement already satisfied: six in /Users/admin/.pyenv/versions/3.7.7/envs/finbert/lib/python3.7/site-packages (from sacremoses->transformers) (1.16.0)\n",
      "Requirement already satisfied: click in /Users/admin/.pyenv/versions/3.7.7/envs/finbert/lib/python3.7/site-packages (from sacremoses->transformers) (8.0.3)\n",
      "Requirement already satisfied: joblib in /Users/admin/.pyenv/versions/3.7.7/envs/finbert/lib/python3.7/site-packages (from sacremoses->transformers) (0.13.2)\n",
      "Requirement already satisfied: importlib-metadata in /Users/admin/.pyenv/versions/3.7.7/envs/finbert/lib/python3.7/site-packages (from click->sacremoses->transformers) (4.8.2)\n",
      "Requirement already satisfied: typing-extensions>=3.6.4 in /Users/admin/.pyenv/versions/3.7.7/envs/finbert/lib/python3.7/site-packages (from importlib-metadata->click->sacremoses->transformers) (3.10.0.2)\n",
      "Requirement already satisfied: zipp>=0.5 in /Users/admin/.pyenv/versions/3.7.7/envs/finbert/lib/python3.7/site-packages (from importlib-metadata->click->sacremoses->transformers) (3.6.0)\n",
      "\u001b[33mWARNING: You are using pip version 21.2.4; however, version 21.3.1 is available.\n",
      "You should consider upgrading via the '/Users/admin/.pyenv/versions/3.7.7/envs/finbert/bin/python -m pip install --upgrade pip' command.\u001b[0m\n"
     ]
    }
   ],
   "source": [
    "!pip install transformers"
   ]
  },
  {
   "cell_type": "code",
   "execution_count": 1,
   "metadata": {},
   "outputs": [],
   "source": [
    "from transformers import AutoTokenizer, AutoModelForSequenceClassification\n",
    "  \n",
    "tokenizer = AutoTokenizer.from_pretrained(\"ProsusAI/finbert\")\n",
    "model = AutoModelForSequenceClassification.from_pretrained(\"ProsusAI/finbert\")"
   ]
  },
  {
   "cell_type": "code",
   "execution_count": 19,
   "metadata": {},
   "outputs": [],
   "source": [
    "import pandas as pd\n",
    "\n",
    "headlines_df = pd.read_csv('../data/analyst_ratings_processed.csv')\n",
    "headlines_df = headlines_df.sample(300, random_state=42)"
   ]
  },
  {
   "cell_type": "code",
   "execution_count": 10,
   "metadata": {},
   "outputs": [
    {
     "data": {
      "text/html": [
       "<div>\n",
       "<style scoped>\n",
       "    .dataframe tbody tr th:only-of-type {\n",
       "        vertical-align: middle;\n",
       "    }\n",
       "\n",
       "    .dataframe tbody tr th {\n",
       "        vertical-align: top;\n",
       "    }\n",
       "\n",
       "    .dataframe thead th {\n",
       "        text-align: right;\n",
       "    }\n",
       "</style>\n",
       "<table border=\"1\" class=\"dataframe\">\n",
       "  <thead>\n",
       "    <tr style=\"text-align: right;\">\n",
       "      <th></th>\n",
       "      <th>Unnamed: 0</th>\n",
       "      <th>title</th>\n",
       "      <th>date</th>\n",
       "      <th>stock</th>\n",
       "    </tr>\n",
       "  </thead>\n",
       "  <tbody>\n",
       "    <tr>\n",
       "      <th>951347</th>\n",
       "      <td>963395.0</td>\n",
       "      <td>Top Stocks In The Surety &amp; Title Insurance Ind...</td>\n",
       "      <td>2010-04-13 05:00:00-04:00</td>\n",
       "      <td>ORI</td>\n",
       "    </tr>\n",
       "    <tr>\n",
       "      <th>98223</th>\n",
       "      <td>102011.0</td>\n",
       "      <td>Asterias Provides 6 Mo. Data Readout From Its ...</td>\n",
       "      <td>2018-07-17 07:05:00-04:00</td>\n",
       "      <td>AST</td>\n",
       "    </tr>\n",
       "    <tr>\n",
       "      <th>940133</th>\n",
       "      <td>952152.0</td>\n",
       "      <td>ONEOK Partners to Participate in Bakken Day</td>\n",
       "      <td>2010-08-04 16:22:00-04:00</td>\n",
       "      <td>OKS</td>\n",
       "    </tr>\n",
       "    <tr>\n",
       "      <th>185334</th>\n",
       "      <td>189463.0</td>\n",
       "      <td>Shares of Broadsoft to Resume Trade at 4:35PM EST</td>\n",
       "      <td>2013-11-04 16:12:00-05:00</td>\n",
       "      <td>BSFT</td>\n",
       "    </tr>\n",
       "    <tr>\n",
       "      <th>524898</th>\n",
       "      <td>535387.0</td>\n",
       "      <td>Courier Corp Holder Gamco Reports 6.97%, Up Fr...</td>\n",
       "      <td>2015-03-30 16:20:00-04:00</td>\n",
       "      <td>GBL</td>\n",
       "    </tr>\n",
       "  </tbody>\n",
       "</table>\n",
       "</div>"
      ],
      "text/plain": [
       "        Unnamed: 0                                              title  \\\n",
       "951347    963395.0  Top Stocks In The Surety & Title Insurance Ind...   \n",
       "98223     102011.0  Asterias Provides 6 Mo. Data Readout From Its ...   \n",
       "940133    952152.0        ONEOK Partners to Participate in Bakken Day   \n",
       "185334    189463.0  Shares of Broadsoft to Resume Trade at 4:35PM EST   \n",
       "524898    535387.0  Courier Corp Holder Gamco Reports 6.97%, Up Fr...   \n",
       "\n",
       "                             date stock  \n",
       "951347  2010-04-13 05:00:00-04:00   ORI  \n",
       "98223   2018-07-17 07:05:00-04:00   AST  \n",
       "940133  2010-08-04 16:22:00-04:00   OKS  \n",
       "185334  2013-11-04 16:12:00-05:00  BSFT  \n",
       "524898  2015-03-30 16:20:00-04:00   GBL  "
      ]
     },
     "execution_count": 10,
     "metadata": {},
     "output_type": "execute_result"
    }
   ],
   "source": [
    "headlines_df.head()"
   ]
  },
  {
   "cell_type": "code",
   "execution_count": 58,
   "metadata": {},
   "outputs": [
    {
     "name": "stdout",
     "output_type": "stream",
     "text": [
      "['Bank of America Reiterates Buy and PT of $49 on Discovery Communications', 'Primoris Wins $50M In Solar Awards', 'How The Toshiba-Western Digital Beef Could Be A Boon For Micron Technology', 'Teens Rank Corporations By Coolness; Do Rankings Correlate To Success?', \"Hearing Barclays Says Northern Trust Outlook Is 'Slightly Mute' As CFO Guided Q3 Net Income Flat To Modestly Lower vs Q2\"]\n"
     ]
    }
   ],
   "source": [
    "import numpy as np\n",
    "\n",
    "headlines_array = np.array(headlines_df)\n",
    "np.random.shuffle(headlines_array)\n",
    "headlines_list = list(headlines_array[:,1])\n",
    "\n",
    "print(headlines_list[:5])"
   ]
  },
  {
   "cell_type": "code",
   "execution_count": 15,
   "metadata": {},
   "outputs": [],
   "source": [
    "inputs = tokenizer(headlines_list, padding = True, truncation = True, return_tensors='pt')"
   ]
  },
  {
   "cell_type": "code",
   "execution_count": 17,
   "metadata": {},
   "outputs": [
    {
     "name": "stdout",
     "output_type": "stream",
     "text": [
      "torch.Size([300, 3])\n"
     ]
    }
   ],
   "source": [
    "outputs = model(**inputs)\n",
    "print(outputs.logits.shape)"
   ]
  },
  {
   "cell_type": "code",
   "execution_count": 18,
   "metadata": {},
   "outputs": [
    {
     "name": "stdout",
     "output_type": "stream",
     "text": [
      "tensor([[0.9402, 0.0254, 0.0344],\n",
      "        [0.2727, 0.6773, 0.0500],\n",
      "        [0.0830, 0.7072, 0.2098],\n",
      "        [0.9374, 0.0175, 0.0451],\n",
      "        [0.4195, 0.0178, 0.5627],\n",
      "        [0.8486, 0.0541, 0.0973],\n",
      "        [0.0215, 0.2806, 0.6979],\n",
      "        [0.1797, 0.0092, 0.8111],\n",
      "        [0.8760, 0.0111, 0.1129],\n",
      "        [0.7264, 0.0188, 0.2548],\n",
      "        [0.0858, 0.0994, 0.8148],\n",
      "        [0.0789, 0.0100, 0.9112],\n",
      "        [0.7675, 0.0193, 0.2131],\n",
      "        [0.0080, 0.9702, 0.0218],\n",
      "        [0.9395, 0.0110, 0.0495],\n",
      "        [0.8589, 0.1016, 0.0395],\n",
      "        [0.7818, 0.1004, 0.1177],\n",
      "        [0.0080, 0.9754, 0.0166],\n",
      "        [0.0580, 0.2505, 0.6915],\n",
      "        [0.2982, 0.4383, 0.2635],\n",
      "        [0.0094, 0.9708, 0.0198],\n",
      "        [0.9154, 0.0385, 0.0461],\n",
      "        [0.0365, 0.0528, 0.9107],\n",
      "        [0.0282, 0.6327, 0.3391],\n",
      "        [0.0243, 0.1238, 0.8520],\n",
      "        [0.0350, 0.0672, 0.8978],\n",
      "        [0.0246, 0.6180, 0.3574],\n",
      "        [0.0368, 0.1453, 0.8179],\n",
      "        [0.0238, 0.1664, 0.8099],\n",
      "        [0.0096, 0.9394, 0.0509],\n",
      "        [0.5385, 0.0644, 0.3971],\n",
      "        [0.0166, 0.9721, 0.0113],\n",
      "        [0.1820, 0.0106, 0.8074],\n",
      "        [0.0752, 0.2503, 0.6745],\n",
      "        [0.6414, 0.0160, 0.3425],\n",
      "        [0.0507, 0.0408, 0.9085],\n",
      "        [0.0285, 0.9485, 0.0230],\n",
      "        [0.1171, 0.0805, 0.8024],\n",
      "        [0.0223, 0.0924, 0.8853],\n",
      "        [0.0251, 0.1648, 0.8101],\n",
      "        [0.1748, 0.3247, 0.5005],\n",
      "        [0.0277, 0.6592, 0.3131],\n",
      "        [0.3207, 0.0143, 0.6650],\n",
      "        [0.0289, 0.0198, 0.9514],\n",
      "        [0.0182, 0.9125, 0.0693],\n",
      "        [0.0297, 0.0254, 0.9449],\n",
      "        [0.1296, 0.0102, 0.8602],\n",
      "        [0.8778, 0.0165, 0.1057],\n",
      "        [0.0198, 0.9384, 0.0418],\n",
      "        [0.0601, 0.0122, 0.9277],\n",
      "        [0.0970, 0.0873, 0.8157],\n",
      "        [0.6166, 0.0180, 0.3654],\n",
      "        [0.6705, 0.1706, 0.1590],\n",
      "        [0.0893, 0.0118, 0.8989],\n",
      "        [0.0860, 0.7414, 0.1726],\n",
      "        [0.1845, 0.0101, 0.8054],\n",
      "        [0.0470, 0.3156, 0.6374],\n",
      "        [0.6995, 0.1810, 0.1195],\n",
      "        [0.0213, 0.0367, 0.9420],\n",
      "        [0.5981, 0.0158, 0.3861],\n",
      "        [0.1417, 0.0646, 0.7938],\n",
      "        [0.7836, 0.1702, 0.0462],\n",
      "        [0.6245, 0.2316, 0.1440],\n",
      "        [0.0569, 0.0613, 0.8818],\n",
      "        [0.0244, 0.0391, 0.9365],\n",
      "        [0.0663, 0.4923, 0.4414],\n",
      "        [0.5444, 0.0449, 0.4106],\n",
      "        [0.0516, 0.0114, 0.9370],\n",
      "        [0.2074, 0.0196, 0.7730],\n",
      "        [0.0457, 0.3660, 0.5883],\n",
      "        [0.1338, 0.7715, 0.0947],\n",
      "        [0.3208, 0.4710, 0.2082],\n",
      "        [0.0669, 0.4227, 0.5104],\n",
      "        [0.0399, 0.5042, 0.4559],\n",
      "        [0.2504, 0.0700, 0.6796],\n",
      "        [0.6365, 0.3033, 0.0602],\n",
      "        [0.0530, 0.1030, 0.8440],\n",
      "        [0.0414, 0.0130, 0.9456],\n",
      "        [0.1676, 0.0263, 0.8061],\n",
      "        [0.0263, 0.0338, 0.9399],\n",
      "        [0.7806, 0.1522, 0.0672],\n",
      "        [0.0109, 0.9335, 0.0556],\n",
      "        [0.2654, 0.2600, 0.4746],\n",
      "        [0.0233, 0.1155, 0.8613],\n",
      "        [0.0264, 0.6354, 0.3382],\n",
      "        [0.0746, 0.0110, 0.9144],\n",
      "        [0.0472, 0.0246, 0.9283],\n",
      "        [0.8717, 0.0090, 0.1193],\n",
      "        [0.1274, 0.0278, 0.8448],\n",
      "        [0.0876, 0.0162, 0.8962],\n",
      "        [0.0193, 0.9221, 0.0586],\n",
      "        [0.3536, 0.6066, 0.0398],\n",
      "        [0.3096, 0.6167, 0.0737],\n",
      "        [0.5698, 0.0102, 0.4199],\n",
      "        [0.3180, 0.0402, 0.6418],\n",
      "        [0.0199, 0.9418, 0.0383],\n",
      "        [0.0231, 0.0564, 0.9205],\n",
      "        [0.9302, 0.0104, 0.0595],\n",
      "        [0.0352, 0.1838, 0.7810],\n",
      "        [0.0107, 0.9651, 0.0242],\n",
      "        [0.0449, 0.0271, 0.9280],\n",
      "        [0.7062, 0.0365, 0.2573],\n",
      "        [0.8169, 0.0107, 0.1724],\n",
      "        [0.0602, 0.0187, 0.9212],\n",
      "        [0.1269, 0.2213, 0.6518],\n",
      "        [0.1447, 0.0119, 0.8434],\n",
      "        [0.1795, 0.0258, 0.7947],\n",
      "        [0.0072, 0.9708, 0.0221],\n",
      "        [0.0130, 0.9560, 0.0310],\n",
      "        [0.0398, 0.0148, 0.9453],\n",
      "        [0.0080, 0.9714, 0.0206],\n",
      "        [0.2824, 0.0302, 0.6874],\n",
      "        [0.0660, 0.0561, 0.8778],\n",
      "        [0.0070, 0.9730, 0.0200],\n",
      "        [0.2582, 0.5406, 0.2013],\n",
      "        [0.1740, 0.7904, 0.0356],\n",
      "        [0.0311, 0.0886, 0.8803],\n",
      "        [0.8819, 0.0189, 0.0993],\n",
      "        [0.1544, 0.0887, 0.7569],\n",
      "        [0.1972, 0.5646, 0.2382],\n",
      "        [0.0756, 0.0176, 0.9068],\n",
      "        [0.0802, 0.0284, 0.8914],\n",
      "        [0.0234, 0.1123, 0.8642],\n",
      "        [0.0657, 0.7397, 0.1946],\n",
      "        [0.2116, 0.0588, 0.7296],\n",
      "        [0.9472, 0.0230, 0.0297],\n",
      "        [0.0135, 0.8755, 0.1111],\n",
      "        [0.0560, 0.0120, 0.9320],\n",
      "        [0.5429, 0.0130, 0.4442],\n",
      "        [0.0632, 0.0181, 0.9187],\n",
      "        [0.0218, 0.0484, 0.9298],\n",
      "        [0.7479, 0.0216, 0.2305],\n",
      "        [0.9504, 0.0261, 0.0234],\n",
      "        [0.9517, 0.0168, 0.0315],\n",
      "        [0.0737, 0.0148, 0.9115],\n",
      "        [0.2157, 0.4131, 0.3712],\n",
      "        [0.1531, 0.1739, 0.6731],\n",
      "        [0.0476, 0.0193, 0.9331],\n",
      "        [0.1972, 0.0285, 0.7743],\n",
      "        [0.0402, 0.0168, 0.9429],\n",
      "        [0.0522, 0.0160, 0.9318],\n",
      "        [0.0290, 0.1540, 0.8170],\n",
      "        [0.1533, 0.1391, 0.7076],\n",
      "        [0.2751, 0.0397, 0.6851],\n",
      "        [0.2370, 0.0561, 0.7069],\n",
      "        [0.0728, 0.0111, 0.9162],\n",
      "        [0.0306, 0.7054, 0.2640],\n",
      "        [0.1819, 0.1314, 0.6867],\n",
      "        [0.0253, 0.0345, 0.9402],\n",
      "        [0.8704, 0.0225, 0.1072],\n",
      "        [0.0295, 0.0713, 0.8993],\n",
      "        [0.8232, 0.0622, 0.1145],\n",
      "        [0.0525, 0.0120, 0.9355],\n",
      "        [0.9056, 0.0551, 0.0393],\n",
      "        [0.2953, 0.2901, 0.4146],\n",
      "        [0.0265, 0.1749, 0.7986],\n",
      "        [0.0385, 0.7290, 0.2325],\n",
      "        [0.1901, 0.0250, 0.7849],\n",
      "        [0.8553, 0.0298, 0.1149],\n",
      "        [0.4467, 0.0133, 0.5400],\n",
      "        [0.0385, 0.9463, 0.0151],\n",
      "        [0.0215, 0.0368, 0.9417],\n",
      "        [0.9506, 0.0182, 0.0312],\n",
      "        [0.1236, 0.0190, 0.8574],\n",
      "        [0.9516, 0.0279, 0.0205],\n",
      "        [0.7402, 0.0373, 0.2225],\n",
      "        [0.0847, 0.1424, 0.7729],\n",
      "        [0.8931, 0.0101, 0.0969],\n",
      "        [0.9034, 0.0476, 0.0490],\n",
      "        [0.1992, 0.6703, 0.1305],\n",
      "        [0.0359, 0.0625, 0.9016],\n",
      "        [0.9467, 0.0306, 0.0228],\n",
      "        [0.9546, 0.0147, 0.0307],\n",
      "        [0.6677, 0.2531, 0.0793],\n",
      "        [0.0778, 0.0119, 0.9103],\n",
      "        [0.0282, 0.8283, 0.1434],\n",
      "        [0.1644, 0.0098, 0.8258],\n",
      "        [0.8597, 0.0956, 0.0447],\n",
      "        [0.9050, 0.0192, 0.0758],\n",
      "        [0.0143, 0.8535, 0.1323],\n",
      "        [0.1606, 0.0433, 0.7961],\n",
      "        [0.6611, 0.2961, 0.0428],\n",
      "        [0.0276, 0.0302, 0.9422],\n",
      "        [0.0395, 0.1150, 0.8455],\n",
      "        [0.0474, 0.2577, 0.6949],\n",
      "        [0.0864, 0.0125, 0.9011],\n",
      "        [0.9272, 0.0358, 0.0370],\n",
      "        [0.0309, 0.0510, 0.9181],\n",
      "        [0.0644, 0.0135, 0.9222],\n",
      "        [0.0573, 0.0172, 0.9255],\n",
      "        [0.0478, 0.0435, 0.9087],\n",
      "        [0.9438, 0.0223, 0.0338],\n",
      "        [0.1972, 0.0285, 0.7743],\n",
      "        [0.8567, 0.0262, 0.1171],\n",
      "        [0.0084, 0.9694, 0.0222],\n",
      "        [0.7134, 0.1018, 0.1848],\n",
      "        [0.9041, 0.0126, 0.0833],\n",
      "        [0.1972, 0.0285, 0.7743],\n",
      "        [0.4474, 0.0142, 0.5383],\n",
      "        [0.0267, 0.0503, 0.9231],\n",
      "        [0.9267, 0.0401, 0.0332],\n",
      "        [0.1175, 0.0109, 0.8717],\n",
      "        [0.4833, 0.1775, 0.3392],\n",
      "        [0.8884, 0.0873, 0.0243],\n",
      "        [0.0238, 0.2047, 0.7715],\n",
      "        [0.9184, 0.0198, 0.0618],\n",
      "        [0.3703, 0.0469, 0.5829],\n",
      "        [0.0282, 0.0409, 0.9309],\n",
      "        [0.5608, 0.0404, 0.3988],\n",
      "        [0.0468, 0.0140, 0.9391],\n",
      "        [0.9264, 0.0217, 0.0519],\n",
      "        [0.0371, 0.0814, 0.8815],\n",
      "        [0.4577, 0.4392, 0.1031],\n",
      "        [0.0479, 0.0216, 0.9305],\n",
      "        [0.1036, 0.1319, 0.7644],\n",
      "        [0.0840, 0.0218, 0.8942],\n",
      "        [0.1135, 0.8676, 0.0189],\n",
      "        [0.0195, 0.8941, 0.0864],\n",
      "        [0.7584, 0.0139, 0.2277],\n",
      "        [0.0478, 0.0234, 0.9288],\n",
      "        [0.0681, 0.0374, 0.8946],\n",
      "        [0.0394, 0.0634, 0.8972],\n",
      "        [0.0357, 0.0736, 0.8906],\n",
      "        [0.2292, 0.7351, 0.0357],\n",
      "        [0.0462, 0.0346, 0.9192],\n",
      "        [0.2550, 0.0101, 0.7349],\n",
      "        [0.1551, 0.0082, 0.8368],\n",
      "        [0.1284, 0.0122, 0.8594],\n",
      "        [0.0190, 0.0757, 0.9053],\n",
      "        [0.0223, 0.1095, 0.8682],\n",
      "        [0.0079, 0.9740, 0.0181],\n",
      "        [0.1054, 0.0093, 0.8852],\n",
      "        [0.0530, 0.0530, 0.8940],\n",
      "        [0.3817, 0.5375, 0.0809],\n",
      "        [0.0109, 0.9611, 0.0280],\n",
      "        [0.2638, 0.4769, 0.2593],\n",
      "        [0.0715, 0.0167, 0.9118],\n",
      "        [0.0206, 0.0455, 0.9339],\n",
      "        [0.1324, 0.0250, 0.8426],\n",
      "        [0.0253, 0.0458, 0.9289],\n",
      "        [0.0204, 0.9383, 0.0413],\n",
      "        [0.7941, 0.0127, 0.1932],\n",
      "        [0.0248, 0.9125, 0.0627],\n",
      "        [0.3485, 0.5256, 0.1260],\n",
      "        [0.1232, 0.0711, 0.8057],\n",
      "        [0.1232, 0.0711, 0.8057],\n",
      "        [0.4022, 0.0406, 0.5572],\n",
      "        [0.0325, 0.1737, 0.7939],\n",
      "        [0.1352, 0.0133, 0.8515],\n",
      "        [0.9555, 0.0208, 0.0237],\n",
      "        [0.0239, 0.0265, 0.9495],\n",
      "        [0.2789, 0.0089, 0.7122],\n",
      "        [0.1581, 0.8199, 0.0220],\n",
      "        [0.0111, 0.9470, 0.0419],\n",
      "        [0.0547, 0.4837, 0.4615],\n",
      "        [0.0085, 0.9736, 0.0179],\n",
      "        [0.1719, 0.0434, 0.7847],\n",
      "        [0.2737, 0.0452, 0.6811],\n",
      "        [0.0166, 0.9146, 0.0688],\n",
      "        [0.0098, 0.9711, 0.0191],\n",
      "        [0.1823, 0.7786, 0.0391],\n",
      "        [0.0596, 0.0426, 0.8978],\n",
      "        [0.0240, 0.9281, 0.0479],\n",
      "        [0.9503, 0.0145, 0.0352],\n",
      "        [0.0172, 0.9035, 0.0793],\n",
      "        [0.0412, 0.0279, 0.9309],\n",
      "        [0.0846, 0.7681, 0.1473],\n",
      "        [0.0222, 0.8190, 0.1588],\n",
      "        [0.0716, 0.9103, 0.0181],\n",
      "        [0.0252, 0.1640, 0.8108],\n",
      "        [0.8448, 0.0077, 0.1475],\n",
      "        [0.0238, 0.0203, 0.9559],\n",
      "        [0.1156, 0.1248, 0.7597],\n",
      "        [0.9166, 0.0140, 0.0694],\n",
      "        [0.3557, 0.0151, 0.6292],\n",
      "        [0.1972, 0.0285, 0.7743],\n",
      "        [0.7903, 0.0131, 0.1965],\n",
      "        [0.0201, 0.0718, 0.9081],\n",
      "        [0.0400, 0.0326, 0.9275],\n",
      "        [0.1887, 0.0254, 0.7859],\n",
      "        [0.2617, 0.0697, 0.6687],\n",
      "        [0.3898, 0.0069, 0.6033],\n",
      "        [0.6137, 0.3225, 0.0638],\n",
      "        [0.0546, 0.7432, 0.2022],\n",
      "        [0.4235, 0.2327, 0.3437],\n",
      "        [0.8230, 0.0780, 0.0990],\n",
      "        [0.0250, 0.6693, 0.3057],\n",
      "        [0.5308, 0.0134, 0.4559],\n",
      "        [0.9444, 0.0164, 0.0392],\n",
      "        [0.0325, 0.0621, 0.9054],\n",
      "        [0.0303, 0.9305, 0.0392],\n",
      "        [0.2562, 0.0096, 0.7342],\n",
      "        [0.0336, 0.0323, 0.9341],\n",
      "        [0.3582, 0.0351, 0.6066],\n",
      "        [0.8469, 0.0118, 0.1413],\n",
      "        [0.0445, 0.1444, 0.8110],\n",
      "        [0.7453, 0.0096, 0.2451],\n",
      "        [0.0238, 0.0346, 0.9416],\n",
      "        [0.2104, 0.0827, 0.7069],\n",
      "        [0.0288, 0.0433, 0.9279]], grad_fn=<SoftmaxBackward>)\n"
     ]
    }
   ],
   "source": [
    "import torch\n",
    "\n",
    "predictions = torch.nn.functional.softmax(outputs.logits, dim=-1)\n",
    "print(predictions)"
   ]
  },
  {
   "cell_type": "code",
   "execution_count": 20,
   "metadata": {},
   "outputs": [],
   "source": [
    "positive = predictions[:, 0].tolist()\n",
    "negative = predictions[:, 1].tolist()\n",
    "neutral = predictions[:, 2].tolist()\n",
    "\n",
    "table = {'Headline':headlines_list,\n",
    "         \"Positive\":positive,\n",
    "         \"Negative\":negative, \n",
    "         \"Neutral\":neutral}\n",
    "      \n",
    "df = pd.DataFrame(table, columns = [\"Headline\", \"Positive\", \"Negative\", \"Neutral\"])"
   ]
  },
  {
   "cell_type": "code",
   "execution_count": 43,
   "metadata": {},
   "outputs": [
    {
     "data": {
      "text/html": [
       "<div>\n",
       "<style scoped>\n",
       "    .dataframe tbody tr th:only-of-type {\n",
       "        vertical-align: middle;\n",
       "    }\n",
       "\n",
       "    .dataframe tbody tr th {\n",
       "        vertical-align: top;\n",
       "    }\n",
       "\n",
       "    .dataframe thead th {\n",
       "        text-align: right;\n",
       "    }\n",
       "</style>\n",
       "<table border=\"1\" class=\"dataframe\">\n",
       "  <thead>\n",
       "    <tr style=\"text-align: right;\">\n",
       "      <th></th>\n",
       "      <th>Headline</th>\n",
       "      <th>Positive</th>\n",
       "      <th>Negative</th>\n",
       "      <th>Neutral</th>\n",
       "    </tr>\n",
       "  </thead>\n",
       "  <tbody>\n",
       "    <tr>\n",
       "      <th>271</th>\n",
       "      <td>Annual Shareholder Meetings Being Held Today By: Fiserv and MGP Ingredients</td>\n",
       "      <td>0.023845</td>\n",
       "      <td>0.020296</td>\n",
       "      <td>0.955859</td>\n",
       "    </tr>\n",
       "    <tr>\n",
       "      <th>43</th>\n",
       "      <td>Sequential Brands Reports Launch of Office by Martha Stewart Exclusively at Staples</td>\n",
       "      <td>0.028870</td>\n",
       "      <td>0.019753</td>\n",
       "      <td>0.951377</td>\n",
       "    </tr>\n",
       "    <tr>\n",
       "      <th>250</th>\n",
       "      <td>UBS Research Summary (FLEX, ARW, BHI, BKI, CTXS, DPS, EGN, ESRX, ISIL, LIS, PH, TMO, UHS, WLP, XLNX, NSC)</td>\n",
       "      <td>0.023946</td>\n",
       "      <td>0.026518</td>\n",
       "      <td>0.949535</td>\n",
       "    </tr>\n",
       "    <tr>\n",
       "      <th>77</th>\n",
       "      <td>Amazon Is Taking Over The Market, One Sector At A Time</td>\n",
       "      <td>0.041424</td>\n",
       "      <td>0.012997</td>\n",
       "      <td>0.945579</td>\n",
       "    </tr>\n",
       "    <tr>\n",
       "      <th>109</th>\n",
       "      <td>Benzinga’s Volume Movers (BARE, MAPP, HWCC, LEAP, IART)</td>\n",
       "      <td>0.039839</td>\n",
       "      <td>0.014831</td>\n",
       "      <td>0.945331</td>\n",
       "    </tr>\n",
       "    <tr>\n",
       "      <th>45</th>\n",
       "      <td>Zacks Industry Outlook Highlights: UnitedHealth Group, Humana, HealthSpring and Universal American    - Press Releases</td>\n",
       "      <td>0.029708</td>\n",
       "      <td>0.025361</td>\n",
       "      <td>0.944931</td>\n",
       "    </tr>\n",
       "    <tr>\n",
       "      <th>139</th>\n",
       "      <td>Shares of Broadsoft to Resume Trade at 4:35PM EST</td>\n",
       "      <td>0.040232</td>\n",
       "      <td>0.016843</td>\n",
       "      <td>0.942925</td>\n",
       "    </tr>\n",
       "    <tr>\n",
       "      <th>182</th>\n",
       "      <td>This ETF Is No Turkey</td>\n",
       "      <td>0.027637</td>\n",
       "      <td>0.030163</td>\n",
       "      <td>0.942199</td>\n",
       "    </tr>\n",
       "    <tr>\n",
       "      <th>58</th>\n",
       "      <td>Hearing Prescience Point Has Issued Short Idea On Kellogg; BZ NOTE: Firm Has Not Yet Tweeted On Stock</td>\n",
       "      <td>0.021328</td>\n",
       "      <td>0.036705</td>\n",
       "      <td>0.941967</td>\n",
       "    </tr>\n",
       "    <tr>\n",
       "      <th>161</th>\n",
       "      <td>Benzinga's M&amp;A Chatter for Friday September 28, 2012</td>\n",
       "      <td>0.021499</td>\n",
       "      <td>0.036781</td>\n",
       "      <td>0.941720</td>\n",
       "    </tr>\n",
       "    <tr>\n",
       "      <th>297</th>\n",
       "      <td>Rambus Sees Q1 Adj. EPS $(0.19)-$(0.12), Sales $41M-$47M; BZ NOTE: This Guidance Accounts For ASC 606</td>\n",
       "      <td>0.023761</td>\n",
       "      <td>0.034595</td>\n",
       "      <td>0.941645</td>\n",
       "    </tr>\n",
       "    <tr>\n",
       "      <th>148</th>\n",
       "      <td>News Summary (NBR, AMR, DAL, JBLU, ADBE)</td>\n",
       "      <td>0.025290</td>\n",
       "      <td>0.034479</td>\n",
       "      <td>0.940230</td>\n",
       "    </tr>\n",
       "    <tr>\n",
       "      <th>79</th>\n",
       "      <td>Tonix Pharma To Resume Trade At 8:30 a.m. EDT</td>\n",
       "      <td>0.026335</td>\n",
       "      <td>0.033800</td>\n",
       "      <td>0.939865</td>\n",
       "    </tr>\n",
       "    <tr>\n",
       "      <th>209</th>\n",
       "      <td>Four Income-Producing Dividend Stocks (CAT, TGT, AEO, VIA)</td>\n",
       "      <td>0.046822</td>\n",
       "      <td>0.014031</td>\n",
       "      <td>0.939147</td>\n",
       "    </tr>\n",
       "    <tr>\n",
       "      <th>67</th>\n",
       "      <td>MAA Shareholders to Own 67.7% of MAA and Post Properties Combined Firm</td>\n",
       "      <td>0.051562</td>\n",
       "      <td>0.011430</td>\n",
       "      <td>0.937009</td>\n",
       "    </tr>\n",
       "    <tr>\n",
       "      <th>64</th>\n",
       "      <td>J.P. Morgan Discusses Fiserv After Analysts Day (FISV)</td>\n",
       "      <td>0.024363</td>\n",
       "      <td>0.039088</td>\n",
       "      <td>0.936550</td>\n",
       "    </tr>\n",
       "    <tr>\n",
       "      <th>152</th>\n",
       "      <td>The Deal Says Citrix Is Not Exploring A Possible Sale</td>\n",
       "      <td>0.052512</td>\n",
       "      <td>0.011955</td>\n",
       "      <td>0.935533</td>\n",
       "    </tr>\n",
       "    <tr>\n",
       "      <th>292</th>\n",
       "      <td>Upland Software Names Tim Mattox President</td>\n",
       "      <td>0.033580</td>\n",
       "      <td>0.032329</td>\n",
       "      <td>0.934090</td>\n",
       "    </tr>\n",
       "    <tr>\n",
       "      <th>237</th>\n",
       "      <td>Benzinga's M&amp;A Chatter for Monday May 23, 2016</td>\n",
       "      <td>0.020625</td>\n",
       "      <td>0.045500</td>\n",
       "      <td>0.933875</td>\n",
       "    </tr>\n",
       "    <tr>\n",
       "      <th>137</th>\n",
       "      <td>Startek Names Rajiv Ahuja COO</td>\n",
       "      <td>0.047580</td>\n",
       "      <td>0.019273</td>\n",
       "      <td>0.933147</td>\n",
       "    </tr>\n",
       "    <tr>\n",
       "      <th>127</th>\n",
       "      <td>Tech Data Europe Announces Will Manage Supply Chain Services for Google's Chromecast</td>\n",
       "      <td>0.056001</td>\n",
       "      <td>0.012039</td>\n",
       "      <td>0.931959</td>\n",
       "    </tr>\n",
       "    <tr>\n",
       "      <th>140</th>\n",
       "      <td>Accenture Buys Avventa Worldwide</td>\n",
       "      <td>0.052211</td>\n",
       "      <td>0.015999</td>\n",
       "      <td>0.931790</td>\n",
       "    </tr>\n",
       "    <tr>\n",
       "      <th>265</th>\n",
       "      <td>A Peek Into The Market Before The Trading Starts</td>\n",
       "      <td>0.041183</td>\n",
       "      <td>0.027904</td>\n",
       "      <td>0.930913</td>\n",
       "    </tr>\n",
       "    <tr>\n",
       "      <th>207</th>\n",
       "      <td>L-3 Comm. Beats Estimates  - Analyst Blog</td>\n",
       "      <td>0.028234</td>\n",
       "      <td>0.040890</td>\n",
       "      <td>0.930877</td>\n",
       "    </tr>\n",
       "    <tr>\n",
       "      <th>213</th>\n",
       "      <td>Petrobras Swaps Rising</td>\n",
       "      <td>0.047894</td>\n",
       "      <td>0.021639</td>\n",
       "      <td>0.930467</td>\n",
       "    </tr>\n",
       "    <tr>\n",
       "      <th>130</th>\n",
       "      <td>Calls Purchased on hhgregg, Inc.</td>\n",
       "      <td>0.021805</td>\n",
       "      <td>0.048393</td>\n",
       "      <td>0.929802</td>\n",
       "    </tr>\n",
       "    <tr>\n",
       "      <th>239</th>\n",
       "      <td>Credit Suisse Focus List 5/30/2012</td>\n",
       "      <td>0.025318</td>\n",
       "      <td>0.045752</td>\n",
       "      <td>0.928930</td>\n",
       "    </tr>\n",
       "    <tr>\n",
       "      <th>219</th>\n",
       "      <td>Sterne Agee Maintains Neutral on Bed Bath &amp; Beyond (BBY)</td>\n",
       "      <td>0.047811</td>\n",
       "      <td>0.023393</td>\n",
       "      <td>0.928795</td>\n",
       "    </tr>\n",
       "    <tr>\n",
       "      <th>86</th>\n",
       "      <td>SunTrust's Bob Peck Says 'Remain on Sidelines' With AOL</td>\n",
       "      <td>0.047189</td>\n",
       "      <td>0.024555</td>\n",
       "      <td>0.928256</td>\n",
       "    </tr>\n",
       "    <tr>\n",
       "      <th>100</th>\n",
       "      <td>Bloom Box (Bloom Energy) IPO?</td>\n",
       "      <td>0.044942</td>\n",
       "      <td>0.027070</td>\n",
       "      <td>0.927988</td>\n",
       "    </tr>\n",
       "    <tr>\n",
       "      <th>...</th>\n",
       "      <td>...</td>\n",
       "      <td>...</td>\n",
       "      <td>...</td>\n",
       "      <td>...</td>\n",
       "    </tr>\n",
       "    <tr>\n",
       "      <th>191</th>\n",
       "      <td>Sherwin-Williams Company (The) Sees Q3 EPS $3.15-3.25 vs $3.06 Est, Sees Sales Growth 9-14%</td>\n",
       "      <td>0.943834</td>\n",
       "      <td>0.022325</td>\n",
       "      <td>0.033841</td>\n",
       "    </tr>\n",
       "    <tr>\n",
       "      <th>200</th>\n",
       "      <td>Morneau Sobeco Announces Positive Second Quarter Results</td>\n",
       "      <td>0.926737</td>\n",
       "      <td>0.040077</td>\n",
       "      <td>0.033186</td>\n",
       "    </tr>\n",
       "    <tr>\n",
       "      <th>133</th>\n",
       "      <td>Raymond James Says Client AUM Grew 4% Y/Y To $505.9B In November</td>\n",
       "      <td>0.951677</td>\n",
       "      <td>0.016788</td>\n",
       "      <td>0.031535</td>\n",
       "    </tr>\n",
       "    <tr>\n",
       "      <th>162</th>\n",
       "      <td>SAExploration shares are trading higher after the company late Monday reported a combined $130 million of new projects om Alaska, Canada and the Middle East.</td>\n",
       "      <td>0.950563</td>\n",
       "      <td>0.018216</td>\n",
       "      <td>0.031221</td>\n",
       "    </tr>\n",
       "    <tr>\n",
       "      <th>108</th>\n",
       "      <td>MannKind Q1 EPS $(0.25) Misses $(0.23) Estimate, Sales $3.465M Miss $4.24M Estimate</td>\n",
       "      <td>0.013002</td>\n",
       "      <td>0.956013</td>\n",
       "      <td>0.030985</td>\n",
       "    </tr>\n",
       "    <tr>\n",
       "      <th>172</th>\n",
       "      <td>Asterias Provides 6 Mo. Data Readout From Its AST-OPC1 Phase 1/2a Clinical Trial, Says Results Continue to Demonstrate Favorable Safety Profile, Potential for Durable Cell Engraftment at the Injury Site and Improved Motor Function</td>\n",
       "      <td>0.954589</td>\n",
       "      <td>0.014721</td>\n",
       "      <td>0.030690</td>\n",
       "    </tr>\n",
       "    <tr>\n",
       "      <th>125</th>\n",
       "      <td>U.S. Government Expands BioThrax Procurement Contract to 17.92M Doses from 14.5M Increasing Contract Value by up to $101 Million (EBS)</td>\n",
       "      <td>0.947236</td>\n",
       "      <td>0.023031</td>\n",
       "      <td>0.029733</td>\n",
       "    </tr>\n",
       "    <tr>\n",
       "      <th>234</th>\n",
       "      <td>Insurers Could Drop Long-Term Care</td>\n",
       "      <td>0.010900</td>\n",
       "      <td>0.961083</td>\n",
       "      <td>0.028016</td>\n",
       "    </tr>\n",
       "    <tr>\n",
       "      <th>203</th>\n",
       "      <td>Shares of several iron ore, metal, and industrial companies are trading higher after China's iron ore futures rose on expectations that mining production will not be able to meet high demand.</td>\n",
       "      <td>0.888354</td>\n",
       "      <td>0.087336</td>\n",
       "      <td>0.024310</td>\n",
       "    </tr>\n",
       "    <tr>\n",
       "      <th>99</th>\n",
       "      <td>Plexus Falls on Weak Outlook - Analyst Blog</td>\n",
       "      <td>0.010688</td>\n",
       "      <td>0.965079</td>\n",
       "      <td>0.024233</td>\n",
       "    </tr>\n",
       "    <tr>\n",
       "      <th>249</th>\n",
       "      <td>Earnings Preview: Stryker EPS, Revenue Expected to Rise from Previous Quarter</td>\n",
       "      <td>0.955498</td>\n",
       "      <td>0.020781</td>\n",
       "      <td>0.023721</td>\n",
       "    </tr>\n",
       "    <tr>\n",
       "      <th>132</th>\n",
       "      <td>Astro-Med Q2 EPS $0.17 Up From $0.11 YoY, Sales $33.8M Up From $27.483M YoY</td>\n",
       "      <td>0.950424</td>\n",
       "      <td>0.026136</td>\n",
       "      <td>0.023440</td>\n",
       "    </tr>\n",
       "    <tr>\n",
       "      <th>36</th>\n",
       "      <td>Benzinga Pro Morning Price Check For Sector ETFs:  Financials (XLF) Up 0.3%, Staples (VDC) Up 0.3%,Healthcare (IYH) Flat 0.04%, Industrials (VIS) Down 0.2%, Retail (XRT) Down 0.4%, Technology (XLK) Down 1.1%, Energy (XLE) Down 1.2%</td>\n",
       "      <td>0.028455</td>\n",
       "      <td>0.948510</td>\n",
       "      <td>0.023035</td>\n",
       "    </tr>\n",
       "    <tr>\n",
       "      <th>171</th>\n",
       "      <td>Bank of America Upgrades GWR, And WERN From Underperform To Neutral</td>\n",
       "      <td>0.946677</td>\n",
       "      <td>0.030561</td>\n",
       "      <td>0.022762</td>\n",
       "    </tr>\n",
       "    <tr>\n",
       "      <th>194</th>\n",
       "      <td>Shares of several petroleum companies are trading lower after crude oil prices drop over 3% on concerns of an economic slowdown in China.</td>\n",
       "      <td>0.008411</td>\n",
       "      <td>0.969433</td>\n",
       "      <td>0.022156</td>\n",
       "    </tr>\n",
       "    <tr>\n",
       "      <th>107</th>\n",
       "      <td>United Air Shares Down 11.4% Following Q4 Earnings, Co. Pres Comment On Conference Call 'best way to compete with a low-cost carrier is to match prices'; Spirit Shares Down 8%, Delta, American, Alaska Down 7%, Southwest, Hawaiian, JetBlue Down 4%</td>\n",
       "      <td>0.007161</td>\n",
       "      <td>0.970784</td>\n",
       "      <td>0.022055</td>\n",
       "    </tr>\n",
       "    <tr>\n",
       "      <th>252</th>\n",
       "      <td>Brookfield Canada Office Properties Reports Q1 EPS $0.64 vs $0.12 In Prior Year Period</td>\n",
       "      <td>0.158132</td>\n",
       "      <td>0.819873</td>\n",
       "      <td>0.021995</td>\n",
       "    </tr>\n",
       "    <tr>\n",
       "      <th>13</th>\n",
       "      <td>Optical Names Move Lower in Late-Afternoon Trade: Lumentum Down ~$1.20 Over Last Min, Oclaro Down $0.08, Finisar Down ~$0.30</td>\n",
       "      <td>0.008013</td>\n",
       "      <td>0.970155</td>\n",
       "      <td>0.021831</td>\n",
       "    </tr>\n",
       "    <tr>\n",
       "      <th>110</th>\n",
       "      <td>Shares of several oil and gas companies are trading lower as trade concerns continue to escalate following a new 15% tariff, which was added by President Trump to $112 billion worth of Chinese goods on Sunday.</td>\n",
       "      <td>0.008023</td>\n",
       "      <td>0.971352</td>\n",
       "      <td>0.020626</td>\n",
       "    </tr>\n",
       "    <tr>\n",
       "      <th>164</th>\n",
       "      <td>Courier Corp Holder Gamco Reports 6.97%, Up From 0.05% Pn 12/31/2014</td>\n",
       "      <td>0.951596</td>\n",
       "      <td>0.027925</td>\n",
       "      <td>0.020479</td>\n",
       "    </tr>\n",
       "    <tr>\n",
       "      <th>113</th>\n",
       "      <td>CONSOL Energy Earnings Preview: Revenue, Earnings Expected to Fall from Previous Quarter</td>\n",
       "      <td>0.007000</td>\n",
       "      <td>0.973011</td>\n",
       "      <td>0.019989</td>\n",
       "    </tr>\n",
       "    <tr>\n",
       "      <th>20</th>\n",
