{
 "cells": [
  {
   "cell_type": "code",
   "execution_count": 1,
   "metadata": {},
   "outputs": [
    {
     "name": "stdout",
     "output_type": "stream",
     "text": [
      "Requirement already satisfied: transformers in /Users/admin/.pyenv/versions/3.7.7/envs/finbert/lib/python3.7/site-packages (4.1.1)\n",
      "Requirement already satisfied: tokenizers==0.9.4 in /Users/admin/.pyenv/versions/3.7.7/envs/finbert/lib/python3.7/site-packages (from transformers) (0.9.4)\n",
      "Requirement already satisfied: numpy in /Users/admin/.pyenv/versions/3.7.7/envs/finbert/lib/python3.7/site-packages (from transformers) (1.16.3)\n",
      "Requirement already satisfied: tqdm>=4.27 in /Users/admin/.pyenv/versions/3.7.7/envs/finbert/lib/python3.7/site-packages (from transformers) (4.62.3)\n",
      "Requirement already satisfied: regex!=2019.12.17 in /Users/admin/.pyenv/versions/3.7.7/envs/finbert/lib/python3.7/site-packages (from transformers) (2021.11.10)\n",
      "Requirement already satisfied: filelock in /Users/admin/.pyenv/versions/3.7.7/envs/finbert/lib/python3.7/site-packages (from transformers) (3.3.2)\n",
      "Requirement already satisfied: packaging in /Users/admin/.pyenv/versions/3.7.7/envs/finbert/lib/python3.7/site-packages (from transformers) (21.2)\n",
      "Requirement already satisfied: sacremoses in /Users/admin/.pyenv/versions/3.7.7/envs/finbert/lib/python3.7/site-packages (from transformers) (0.0.46)\n",
      "Requirement already satisfied: requests in /Users/admin/.pyenv/versions/3.7.7/envs/finbert/lib/python3.7/site-packages (from transformers) (2.26.0)\n",
      "Requirement already satisfied: pyparsing<3,>=2.0.2 in /Users/admin/.pyenv/versions/3.7.7/envs/finbert/lib/python3.7/site-packages (from packaging->transformers) (2.4.7)\n",
      "Requirement already satisfied: urllib3<1.27,>=1.21.1 in /Users/admin/.pyenv/versions/3.7.7/envs/finbert/lib/python3.7/site-packages (from requests->transformers) (1.26.7)\n",
      "Requirement already satisfied: idna<4,>=2.5 in /Users/admin/.pyenv/versions/3.7.7/envs/finbert/lib/python3.7/site-packages (from requests->transformers) (3.3)\n",
      "Requirement already satisfied: certifi>=2017.4.17 in /Users/admin/.pyenv/versions/3.7.7/envs/finbert/lib/python3.7/site-packages (from requests->transformers) (2021.10.8)\n",
      "Requirement already satisfied: charset-normalizer~=2.0.0 in /Users/admin/.pyenv/versions/3.7.7/envs/finbert/lib/python3.7/site-packages (from requests->transformers) (2.0.7)\n",
      "Requirement already satisfied: click in /Users/admin/.pyenv/versions/3.7.7/envs/finbert/lib/python3.7/site-packages (from sacremoses->transformers) (8.0.3)\n",
      "Requirement already satisfied: six in /Users/admin/.pyenv/versions/3.7.7/envs/finbert/lib/python3.7/site-packages (from sacremoses->transformers) (1.16.0)\n",
      "Requirement already satisfied: joblib in /Users/admin/.pyenv/versions/3.7.7/envs/finbert/lib/python3.7/site-packages (from sacremoses->transformers) (0.13.2)\n",
      "Requirement already satisfied: importlib-metadata in /Users/admin/.pyenv/versions/3.7.7/envs/finbert/lib/python3.7/site-packages (from click->sacremoses->transformers) (4.8.2)\n",
      "Requirement already satisfied: typing-extensions>=3.6.4 in /Users/admin/.pyenv/versions/3.7.7/envs/finbert/lib/python3.7/site-packages (from importlib-metadata->click->sacremoses->transformers) (3.10.0.2)\n",
      "Requirement already satisfied: zipp>=0.5 in /Users/admin/.pyenv/versions/3.7.7/envs/finbert/lib/python3.7/site-packages (from importlib-metadata->click->sacremoses->transformers) (3.6.0)\n",
      "\u001b[33mWARNING: You are using pip version 21.2.4; however, version 21.3.1 is available.\n",
      "You should consider upgrading via the '/Users/admin/.pyenv/versions/3.7.7/envs/finbert/bin/python -m pip install --upgrade pip' command.\u001b[0m\n"
     ]
    }
   ],
   "source": [
    "!pip install transformers"
   ]
  },
  {
   "cell_type": "code",
   "execution_count": 3,
   "metadata": {},
   "outputs": [
    {
     "name": "stderr",
     "output_type": "stream",
     "text": [
      "Downloading: 100%|██████████| 758/758 [00:00<00:00, 191kB/s]\n",
      "Downloading: 100%|██████████| 232k/232k [00:00<00:00, 607kB/s]\n",
      "Downloading: 100%|██████████| 112/112 [00:00<00:00, 45.3kB/s]\n",
      "Downloading: 100%|██████████| 252/252 [00:00<00:00, 102kB/s]\n",
      "Downloading: 100%|██████████| 438M/438M [00:26<00:00, 16.6MB/s]\n"
     ]
    }
   ],
   "source": [
    "from transformers import AutoTokenizer, AutoModelForSequenceClassification\n",
    "  \n",
    "tokenizer = AutoTokenizer.from_pretrained(\"ProsusAI/finbert\")\n",
    "model = AutoModelForSequenceClassification.from_pretrained(\"ProsusAI/finbert\")"
   ]
  },
  {
   "cell_type": "code",
   "execution_count": 19,
   "metadata": {},
   "outputs": [],
   "source": [
    "import pandas as pd\n",
    "\n",
    "headlines_df = pd.read_csv('../data/analyst_ratings_processed.csv')\n",
    "headlines_df = headlines_df.sample(300, random_state=42)"
   ]
  },
  {
   "cell_type": "code",
   "execution_count": 10,
   "metadata": {},
   "outputs": [
    {
     "data": {
      "text/html": [
       "<div>\n",
       "<style scoped>\n",
       "    .dataframe tbody tr th:only-of-type {\n",
       "        vertical-align: middle;\n",
       "    }\n",
       "\n",
       "    .dataframe tbody tr th {\n",
       "        vertical-align: top;\n",
       "    }\n",
       "\n",
       "    .dataframe thead th {\n",
       "        text-align: right;\n",
       "    }\n",
       "</style>\n",
       "<table border=\"1\" class=\"dataframe\">\n",
       "  <thead>\n",
       "    <tr style=\"text-align: right;\">\n",
       "      <th></th>\n",
       "      <th>Unnamed: 0</th>\n",
       "      <th>title</th>\n",
       "      <th>date</th>\n",
       "      <th>stock</th>\n",
       "    </tr>\n",
       "  </thead>\n",
       "  <tbody>\n",
       "    <tr>\n",
       "      <th>951347</th>\n",
       "      <td>963395.0</td>\n",
       "      <td>Top Stocks In The Surety &amp; Title Insurance Ind...</td>\n",
       "      <td>2010-04-13 05:00:00-04:00</td>\n",
       "      <td>ORI</td>\n",
       "    </tr>\n",
       "    <tr>\n",
       "      <th>98223</th>\n",
       "      <td>102011.0</td>\n",
       "      <td>Asterias Provides 6 Mo. Data Readout From Its ...</td>\n",
       "      <td>2018-07-17 07:05:00-04:00</td>\n",
       "      <td>AST</td>\n",
       "    </tr>\n",
       "    <tr>\n",
       "      <th>940133</th>\n",
       "      <td>952152.0</td>\n",
       "      <td>ONEOK Partners to Participate in Bakken Day</td>\n",
       "      <td>2010-08-04 16:22:00-04:00</td>\n",
       "      <td>OKS</td>\n",
       "    </tr>\n",
       "    <tr>\n",
       "      <th>185334</th>\n",
       "      <td>189463.0</td>\n",
       "      <td>Shares of Broadsoft to Resume Trade at 4:35PM EST</td>\n",
       "      <td>2013-11-04 16:12:00-05:00</td>\n",
       "      <td>BSFT</td>\n",
       "    </tr>\n",
       "    <tr>\n",
       "      <th>524898</th>\n",
       "      <td>535387.0</td>\n",
       "      <td>Courier Corp Holder Gamco Reports 6.97%, Up Fr...</td>\n",
       "      <td>2015-03-30 16:20:00-04:00</td>\n",
       "      <td>GBL</td>\n",
       "    </tr>\n",
       "  </tbody>\n",
       "</table>\n",
       "</div>"
      ],
      "text/plain": [
       "        Unnamed: 0                                              title  \\\n",
       "951347    963395.0  Top Stocks In The Surety & Title Insurance Ind...   \n",
       "98223     102011.0  Asterias Provides 6 Mo. Data Readout From Its ...   \n",
       "940133    952152.0        ONEOK Partners to Participate in Bakken Day   \n",
       "185334    189463.0  Shares of Broadsoft to Resume Trade at 4:35PM EST   \n",
       "524898    535387.0  Courier Corp Holder Gamco Reports 6.97%, Up Fr...   \n",
       "\n",
       "                             date stock  \n",
       "951347  2010-04-13 05:00:00-04:00   ORI  \n",
       "98223   2018-07-17 07:05:00-04:00   AST  \n",
       "940133  2010-08-04 16:22:00-04:00   OKS  \n",
       "185334  2013-11-04 16:12:00-05:00  BSFT  \n",
       "524898  2015-03-30 16:20:00-04:00   GBL  "
      ]
     },
     "execution_count": 10,
     "metadata": {},
     "output_type": "execute_result"
    }
   ],
   "source": [
    "headlines_df.head()"
   ]
  },
  {
   "cell_type": "code",
   "execution_count": 12,
   "metadata": {},
   "outputs": [
    {
     "name": "stdout",
     "output_type": "stream",
     "text": [
      "['Option Alert: Clean Energy Fuels Shares Spike Higher; Activity in Aug 10, Sep 10 Calls; Currently $9.92', 'Market Update: U.S. Equity Markets are Mixed Going into the Close', \"27 Stocks Moving In Tuesday's Mid-Day Session\", 'Sotherly Hotels Reports Successful Execution of $35M Secured Loan on Hilton Wilmington Riverside Hotel in Wilmington, North Carolina', 'Stifel Nicolaus Upgrades Navios Maritime Holdings Inc. to Buy, Announces $14.00 PT']\n"
     ]
    }
   ],
   "source": [
    "import numpy as np\n",
    "\n",
    "headlines_array = np.array(headlines_df)\n",
    "np.random.shuffle(headlines_array)\n",
    "headlines_list = list(headlines_array[:,1])\n",
    "\n",
    "print(headlines_list[:5])"
   ]
  },
  {
   "cell_type": "code",
   "execution_count": 15,
   "metadata": {},
   "outputs": [],
   "source": [
    "inputs = tokenizer(headlines_list, padding = True, truncation = True, return_tensors='pt')"
   ]
  },
  {
   "cell_type": "code",
   "execution_count": 17,
   "metadata": {},
   "outputs": [
    {
     "name": "stdout",
     "output_type": "stream",
     "text": [
      "torch.Size([300, 3])\n"
     ]
    }
   ],
   "source": [
    "outputs = model(**inputs)\n",
    "print(outputs.logits.shape)"
   ]
  },
  {
   "cell_type": "code",
   "execution_count": 18,
   "metadata": {},
   "outputs": [
    {
     "name": "stdout",
     "output_type": "stream",
     "text": [
      "tensor([[0.9402, 0.0254, 0.0344],\n",
      "        [0.2727, 0.6773, 0.0500],\n",
      "        [0.0830, 0.7072, 0.2098],\n",
      "        [0.9374, 0.0175, 0.0451],\n",
      "        [0.4195, 0.0178, 0.5627],\n",
      "        [0.8486, 0.0541, 0.0973],\n",
      "        [0.0215, 0.2806, 0.6979],\n",
      "        [0.1797, 0.0092, 0.8111],\n",
      "        [0.8760, 0.0111, 0.1129],\n",
      "        [0.7264, 0.0188, 0.2548],\n",
      "        [0.0858, 0.0994, 0.8148],\n",
      "        [0.0789, 0.0100, 0.9112],\n",
      "        [0.7675, 0.0193, 0.2131],\n",
      "        [0.0080, 0.9702, 0.0218],\n",
      "        [0.9395, 0.0110, 0.0495],\n",
      "        [0.8589, 0.1016, 0.0395],\n",
      "        [0.7818, 0.1004, 0.1177],\n",
      "        [0.0080, 0.9754, 0.0166],\n",
      "        [0.0580, 0.2505, 0.6915],\n",
      "        [0.2982, 0.4383, 0.2635],\n",
      "        [0.0094, 0.9708, 0.0198],\n",
      "        [0.9154, 0.0385, 0.0461],\n",
      "        [0.0365, 0.0528, 0.9107],\n",
      "        [0.0282, 0.6327, 0.3391],\n",
      "        [0.0243, 0.1238, 0.8520],\n",
      "        [0.0350, 0.0672, 0.8978],\n",
      "        [0.0246, 0.6180, 0.3574],\n",
      "        [0.0368, 0.1453, 0.8179],\n",
      "        [0.0238, 0.1664, 0.8099],\n",
      "        [0.0096, 0.9394, 0.0509],\n",
      "        [0.5385, 0.0644, 0.3971],\n",
      "        [0.0166, 0.9721, 0.0113],\n",
      "        [0.1820, 0.0106, 0.8074],\n",
      "        [0.0752, 0.2503, 0.6745],\n",
      "        [0.6414, 0.0160, 0.3425],\n",
      "        [0.0507, 0.0408, 0.9085],\n",
      "        [0.0285, 0.9485, 0.0230],\n",
      "        [0.1171, 0.0805, 0.8024],\n",
      "        [0.0223, 0.0924, 0.8853],\n",
      "        [0.0251, 0.1648, 0.8101],\n",
      "        [0.1748, 0.3247, 0.5005],\n",
      "        [0.0277, 0.6592, 0.3131],\n",
      "        [0.3207, 0.0143, 0.6650],\n",
      "        [0.0289, 0.0198, 0.9514],\n",
      "        [0.0182, 0.9125, 0.0693],\n",
      "        [0.0297, 0.0254, 0.9449],\n",
      "        [0.1296, 0.0102, 0.8602],\n",
      "        [0.8778, 0.0165, 0.1057],\n",
      "        [0.0198, 0.9384, 0.0418],\n",
      "        [0.0601, 0.0122, 0.9277],\n",
      "        [0.0970, 0.0873, 0.8157],\n",
      "        [0.6166, 0.0180, 0.3654],\n",
      "        [0.6705, 0.1706, 0.1590],\n",
      "        [0.0893, 0.0118, 0.8989],\n",
      "        [0.0860, 0.7414, 0.1726],\n",
      "        [0.1845, 0.0101, 0.8054],\n",
      "        [0.0470, 0.3156, 0.6374],\n",
      "        [0.6995, 0.1810, 0.1195],\n",
      "        [0.0213, 0.0367, 0.9420],\n",
      "        [0.5981, 0.0158, 0.3861],\n",
      "        [0.1417, 0.0646, 0.7938],\n",
      "        [0.7836, 0.1702, 0.0462],\n",
      "        [0.6245, 0.2316, 0.1440],\n",
      "        [0.0569, 0.0613, 0.8818],\n",
      "        [0.0244, 0.0391, 0.9365],\n",
      "        [0.0663, 0.4923, 0.4414],\n",
      "        [0.5444, 0.0449, 0.4106],\n",
      "        [0.0516, 0.0114, 0.9370],\n",
      "        [0.2074, 0.0196, 0.7730],\n",
      "        [0.0457, 0.3660, 0.5883],\n",
      "        [0.1338, 0.7715, 0.0947],\n",
      "        [0.3208, 0.4710, 0.2082],\n",
      "        [0.0669, 0.4227, 0.5104],\n",
      "        [0.0399, 0.5042, 0.4559],\n",
      "        [0.2504, 0.0700, 0.6796],\n",
      "        [0.6365, 0.3033, 0.0602],\n",
      "        [0.0530, 0.1030, 0.8440],\n",
      "        [0.0414, 0.0130, 0.9456],\n",
      "        [0.1676, 0.0263, 0.8061],\n",
      "        [0.0263, 0.0338, 0.9399],\n",
      "        [0.7806, 0.1522, 0.0672],\n",
      "        [0.0109, 0.9335, 0.0556],\n",
      "        [0.2654, 0.2600, 0.4746],\n",
      "        [0.0233, 0.1155, 0.8613],\n",
      "        [0.0264, 0.6354, 0.3382],\n",
      "        [0.0746, 0.0110, 0.9144],\n",
      "        [0.0472, 0.0246, 0.9283],\n",
      "        [0.8717, 0.0090, 0.1193],\n",
      "        [0.1274, 0.0278, 0.8448],\n",
      "        [0.0876, 0.0162, 0.8962],\n",
      "        [0.0193, 0.9221, 0.0586],\n",
      "        [0.3536, 0.6066, 0.0398],\n",
      "        [0.3096, 0.6167, 0.0737],\n",
      "        [0.5698, 0.0102, 0.4199],\n",
      "        [0.3180, 0.0402, 0.6418],\n",
      "        [0.0199, 0.9418, 0.0383],\n",
      "        [0.0231, 0.0564, 0.9205],\n",
      "        [0.9302, 0.0104, 0.0595],\n",
      "        [0.0352, 0.1838, 0.7810],\n",
      "        [0.0107, 0.9651, 0.0242],\n",
      "        [0.0449, 0.0271, 0.9280],\n",
      "        [0.7062, 0.0365, 0.2573],\n",
      "        [0.8169, 0.0107, 0.1724],\n",
      "        [0.0602, 0.0187, 0.9212],\n",
      "        [0.1269, 0.2213, 0.6518],\n",
      "        [0.1447, 0.0119, 0.8434],\n",
      "        [0.1795, 0.0258, 0.7947],\n",
      "        [0.0072, 0.9708, 0.0221],\n",
      "        [0.0130, 0.9560, 0.0310],\n",
      "        [0.0398, 0.0148, 0.9453],\n",
      "        [0.0080, 0.9714, 0.0206],\n",
      "        [0.2824, 0.0302, 0.6874],\n",
      "        [0.0660, 0.0561, 0.8778],\n",
      "        [0.0070, 0.9730, 0.0200],\n",
      "        [0.2582, 0.5406, 0.2013],\n",
      "        [0.1740, 0.7904, 0.0356],\n",
      "        [0.0311, 0.0886, 0.8803],\n",
      "        [0.8819, 0.0189, 0.0993],\n",
      "        [0.1544, 0.0887, 0.7569],\n",
      "        [0.1972, 0.5646, 0.2382],\n",
      "        [0.0756, 0.0176, 0.9068],\n",
      "        [0.0802, 0.0284, 0.8914],\n",
      "        [0.0234, 0.1123, 0.8642],\n",
      "        [0.0657, 0.7397, 0.1946],\n",
      "        [0.2116, 0.0588, 0.7296],\n",
      "        [0.9472, 0.0230, 0.0297],\n",
      "        [0.0135, 0.8755, 0.1111],\n",
      "        [0.0560, 0.0120, 0.9320],\n",
      "        [0.5429, 0.0130, 0.4442],\n",
      "        [0.0632, 0.0181, 0.9187],\n",
      "        [0.0218, 0.0484, 0.9298],\n",
      "        [0.7479, 0.0216, 0.2305],\n",
      "        [0.9504, 0.0261, 0.0234],\n",
      "        [0.9517, 0.0168, 0.0315],\n",
      "        [0.0737, 0.0148, 0.9115],\n",
      "        [0.2157, 0.4131, 0.3712],\n",
      "        [0.1531, 0.1739, 0.6731],\n",
      "        [0.0476, 0.0193, 0.9331],\n",
      "        [0.1972, 0.0285, 0.7743],\n",
      "        [0.0402, 0.0168, 0.9429],\n",
      "        [0.0522, 0.0160, 0.9318],\n",
      "        [0.0290, 0.1540, 0.8170],\n",
      "        [0.1533, 0.1391, 0.7076],\n",
      "        [0.2751, 0.0397, 0.6851],\n",
      "        [0.2370, 0.0561, 0.7069],\n",
      "        [0.0728, 0.0111, 0.9162],\n",
      "        [0.0306, 0.7054, 0.2640],\n",
      "        [0.1819, 0.1314, 0.6867],\n",
      "        [0.0253, 0.0345, 0.9402],\n",
      "        [0.8704, 0.0225, 0.1072],\n",
      "        [0.0295, 0.0713, 0.8993],\n",
      "        [0.8232, 0.0622, 0.1145],\n",
      "        [0.0525, 0.0120, 0.9355],\n",
      "        [0.9056, 0.0551, 0.0393],\n",
      "        [0.2953, 0.2901, 0.4146],\n",
      "        [0.0265, 0.1749, 0.7986],\n",
      "        [0.0385, 0.7290, 0.2325],\n",
      "        [0.1901, 0.0250, 0.7849],\n",
      "        [0.8553, 0.0298, 0.1149],\n",
      "        [0.4467, 0.0133, 0.5400],\n",
      "        [0.0385, 0.9463, 0.0151],\n",
      "        [0.0215, 0.0368, 0.9417],\n",
      "        [0.9506, 0.0182, 0.0312],\n",
      "        [0.1236, 0.0190, 0.8574],\n",
      "        [0.9516, 0.0279, 0.0205],\n",
      "        [0.7402, 0.0373, 0.2225],\n",
      "        [0.0847, 0.1424, 0.7729],\n",
      "        [0.8931, 0.0101, 0.0969],\n",
      "        [0.9034, 0.0476, 0.0490],\n",
      "        [0.1992, 0.6703, 0.1305],\n",
      "        [0.0359, 0.0625, 0.9016],\n",
      "        [0.9467, 0.0306, 0.0228],\n",
      "        [0.9546, 0.0147, 0.0307],\n",
      "        [0.6677, 0.2531, 0.0793],\n",
      "        [0.0778, 0.0119, 0.9103],\n",
      "        [0.0282, 0.8283, 0.1434],\n",
      "        [0.1644, 0.0098, 0.8258],\n",
      "        [0.8597, 0.0956, 0.0447],\n",
      "        [0.9050, 0.0192, 0.0758],\n",
      "        [0.0143, 0.8535, 0.1323],\n",
      "        [0.1606, 0.0433, 0.7961],\n",
      "        [0.6611, 0.2961, 0.0428],\n",
      "        [0.0276, 0.0302, 0.9422],\n",
      "        [0.0395, 0.1150, 0.8455],\n",
      "        [0.0474, 0.2577, 0.6949],\n",
      "        [0.0864, 0.0125, 0.9011],\n",
      "        [0.9272, 0.0358, 0.0370],\n",
      "        [0.0309, 0.0510, 0.9181],\n",
      "        [0.0644, 0.0135, 0.9222],\n",
      "        [0.0573, 0.0172, 0.9255],\n",
      "        [0.0478, 0.0435, 0.9087],\n",
      "        [0.9438, 0.0223, 0.0338],\n",
      "        [0.1972, 0.0285, 0.7743],\n",
      "        [0.8567, 0.0262, 0.1171],\n",
      "        [0.0084, 0.9694, 0.0222],\n",
      "        [0.7134, 0.1018, 0.1848],\n",
      "        [0.9041, 0.0126, 0.0833],\n",
      "        [0.1972, 0.0285, 0.7743],\n",
      "        [0.4474, 0.0142, 0.5383],\n",
      "        [0.0267, 0.0503, 0.9231],\n",
      "        [0.9267, 0.0401, 0.0332],\n",
      "        [0.1175, 0.0109, 0.8717],\n",
      "        [0.4833, 0.1775, 0.3392],\n",
      "        [0.8884, 0.0873, 0.0243],\n",
      "        [0.0238, 0.2047, 0.7715],\n",
      "        [0.9184, 0.0198, 0.0618],\n",
      "        [0.3703, 0.0469, 0.5829],\n",
      "        [0.0282, 0.0409, 0.9309],\n",
      "        [0.5608, 0.0404, 0.3988],\n",
      "        [0.0468, 0.0140, 0.9391],\n",
      "        [0.9264, 0.0217, 0.0519],\n",
      "        [0.0371, 0.0814, 0.8815],\n",
      "        [0.4577, 0.4392, 0.1031],\n",
      "        [0.0479, 0.0216, 0.9305],\n",
      "        [0.1036, 0.1319, 0.7644],\n",
      "        [0.0840, 0.0218, 0.8942],\n",
      "        [0.1135, 0.8676, 0.0189],\n",
      "        [0.0195, 0.8941, 0.0864],\n",
      "        [0.7584, 0.0139, 0.2277],\n",
      "        [0.0478, 0.0234, 0.9288],\n",
      "        [0.0681, 0.0374, 0.8946],\n",
      "        [0.0394, 0.0634, 0.8972],\n",
      "        [0.0357, 0.0736, 0.8906],\n",
      "        [0.2292, 0.7351, 0.0357],\n",
      "        [0.0462, 0.0346, 0.9192],\n",
      "        [0.2550, 0.0101, 0.7349],\n",
      "        [0.1551, 0.0082, 0.8368],\n",
      "        [0.1284, 0.0122, 0.8594],\n",
      "        [0.0190, 0.0757, 0.9053],\n",
      "        [0.0223, 0.1095, 0.8682],\n",
      "        [0.0079, 0.9740, 0.0181],\n",
      "        [0.1054, 0.0093, 0.8852],\n",
      "        [0.0530, 0.0530, 0.8940],\n",
      "        [0.3817, 0.5375, 0.0809],\n",
      "        [0.0109, 0.9611, 0.0280],\n",
      "        [0.2638, 0.4769, 0.2593],\n",
      "        [0.0715, 0.0167, 0.9118],\n",
      "        [0.0206, 0.0455, 0.9339],\n",
      "        [0.1324, 0.0250, 0.8426],\n",
      "        [0.0253, 0.0458, 0.9289],\n",
      "        [0.0204, 0.9383, 0.0413],\n",
      "        [0.7941, 0.0127, 0.1932],\n",
      "        [0.0248, 0.9125, 0.0627],\n",
      "        [0.3485, 0.5256, 0.1260],\n",
      "        [0.1232, 0.0711, 0.8057],\n",
      "        [0.1232, 0.0711, 0.8057],\n",
      "        [0.4022, 0.0406, 0.5572],\n",
      "        [0.0325, 0.1737, 0.7939],\n",
      "        [0.1352, 0.0133, 0.8515],\n",
      "        [0.9555, 0.0208, 0.0237],\n",
      "        [0.0239, 0.0265, 0.9495],\n",
      "        [0.2789, 0.0089, 0.7122],\n",
      "        [0.1581, 0.8199, 0.0220],\n",
      "        [0.0111, 0.9470, 0.0419],\n",
      "        [0.0547, 0.4837, 0.4615],\n",
      "        [0.0085, 0.9736, 0.0179],\n",
      "        [0.1719, 0.0434, 0.7847],\n",
      "        [0.2737, 0.0452, 0.6811],\n",
      "        [0.0166, 0.9146, 0.0688],\n",
      "        [0.0098, 0.9711, 0.0191],\n",
      "        [0.1823, 0.7786, 0.0391],\n",
      "        [0.0596, 0.0426, 0.8978],\n",
      "        [0.0240, 0.9281, 0.0479],\n",
      "        [0.9503, 0.0145, 0.0352],\n",
      "        [0.0172, 0.9035, 0.0793],\n",
      "        [0.0412, 0.0279, 0.9309],\n",
      "        [0.0846, 0.7681, 0.1473],\n",
      "        [0.0222, 0.8190, 0.1588],\n",
      "        [0.0716, 0.9103, 0.0181],\n",
      "        [0.0252, 0.1640, 0.8108],\n",
      "        [0.8448, 0.0077, 0.1475],\n",
      "        [0.0238, 0.0203, 0.9559],\n",
      "        [0.1156, 0.1248, 0.7597],\n",
      "        [0.9166, 0.0140, 0.0694],\n",
      "        [0.3557, 0.0151, 0.6292],\n",
      "        [0.1972, 0.0285, 0.7743],\n",
      "        [0.7903, 0.0131, 0.1965],\n",
      "        [0.0201, 0.0718, 0.9081],\n",
      "        [0.0400, 0.0326, 0.9275],\n",
      "        [0.1887, 0.0254, 0.7859],\n",
      "        [0.2617, 0.0697, 0.6687],\n",
      "        [0.3898, 0.0069, 0.6033],\n",
      "        [0.6137, 0.3225, 0.0638],\n",
      "        [0.0546, 0.7432, 0.2022],\n",
      "        [0.4235, 0.2327, 0.3437],\n",
      "        [0.8230, 0.0780, 0.0990],\n",
      "        [0.0250, 0.6693, 0.3057],\n",
      "        [0.5308, 0.0134, 0.4559],\n",
      "        [0.9444, 0.0164, 0.0392],\n",
      "        [0.0325, 0.0621, 0.9054],\n",
      "        [0.0303, 0.9305, 0.0392],\n",
      "        [0.2562, 0.0096, 0.7342],\n",
      "        [0.0336, 0.0323, 0.9341],\n",
      "        [0.3582, 0.0351, 0.6066],\n",
      "        [0.8469, 0.0118, 0.1413],\n",
      "        [0.0445, 0.1444, 0.8110],\n",
      "        [0.7453, 0.0096, 0.2451],\n",
      "        [0.0238, 0.0346, 0.9416],\n",
      "        [0.2104, 0.0827, 0.7069],\n",
      "        [0.0288, 0.0433, 0.9279]], grad_fn=<SoftmaxBackward>)\n"
     ]
    }
   ],
   "source": [
    "import torch\n",
    "\n",
    "predictions = torch.nn.functional.softmax(outputs.logits, dim=-1)\n",
    "print(predictions)"
   ]
  },
  {
   "cell_type": "code",
   "execution_count": 20,
   "metadata": {},
   "outputs": [],
   "source": [
    "positive = predictions[:, 0].tolist()\n",
    "negative = predictions[:, 1].tolist()\n",
    "neutral = predictions[:, 2].tolist()\n",
    "\n",
    "table = {'Headline':headlines_list,\n",
    "         \"Positive\":positive,\n",
    "         \"Negative\":negative, \n",
    "         \"Neutral\":neutral}\n",
    "      \n",
    "df = pd.DataFrame(table, columns = [\"Headline\", \"Positive\", \"Negative\", \"Neutral\"])"
   ]
  },
  {
   "cell_type": "code",
   "execution_count": 41,
   "metadata": {},
   "outputs": [
    {
     "data": {
      "text/html": [
       "<div>\n",
       "<style scoped>\n",
       "    .dataframe tbody tr th:only-of-type {\n",
       "        vertical-align: middle;\n",
       "    }\n",
       "\n",
       "    .dataframe tbody tr th {\n",
       "        vertical-align: top;\n",
       "    }\n",
       "\n",
       "    .dataframe thead th {\n",
       "        text-align: right;\n",
       "    }\n",
       "</style>\n",
       "<table border=\"1\" class=\"dataframe\">\n",
       "  <thead>\n",
       "    <tr style=\"text-align: right;\">\n",
       "      <th></th>\n",
       "      <th>Headline</th>\n",
       "      <th>Positive</th>\n",
       "      <th>Negative</th>\n",
       "      <th>Neutral</th>\n",
       "    </tr>\n",
       "  </thead>\n",
       "  <tbody>\n",
       "    <tr>\n",
       "      <th>249</th>\n",
       "      <td>Earnings Preview: Stryker EPS, Revenue Expected to Rise from Previous Quarter</td>\n",
       "      <td>0.955498</td>\n",
       "      <td>0.020781</td>\n",
       "      <td>0.023721</td>\n",
       "    </tr>\n",
       "    <tr>\n",
       "      <th>172</th>\n",
       "      <td>Asterias Provides 6 Mo. Data Readout From Its AST-OPC1 Phase 1/2a Clinical Trial, Says Results Continue to Demonstrate Favorable Safety Profile, Potential for Durable Cell Engraftment at the Injury Site and Improved Motor Function</td>\n",
       "      <td>0.954589</td>\n",
       "      <td>0.014721</td>\n",
       "      <td>0.030690</td>\n",
       "    </tr>\n",
       "    <tr>\n",
       "      <th>133</th>\n",
       "      <td>Raymond James Says Client AUM Grew 4% Y/Y To $505.9B In November</td>\n",
       "      <td>0.951677</td>\n",
       "      <td>0.016788</td>\n",
       "      <td>0.031535</td>\n",
       "    </tr>\n",
       "    <tr>\n",
       "      <th>164</th>\n",
       "      <td>Courier Corp Holder Gamco Reports 6.97%, Up From 0.05% Pn 12/31/2014</td>\n",
       "      <td>0.951596</td>\n",
       "      <td>0.027925</td>\n",
       "      <td>0.020479</td>\n",
       "    </tr>\n",
       "    <tr>\n",
       "      <th>162</th>\n",
       "      <td>SAExploration shares are trading higher after the company late Monday reported a combined $130 million of new projects om Alaska, Canada and the Middle East.</td>\n",
       "      <td>0.950563</td>\n",
       "      <td>0.018216</td>\n",
       "      <td>0.031221</td>\n",
       "    </tr>\n",
       "    <tr>\n",
       "      <th>132</th>\n",
       "      <td>Astro-Med Q2 EPS $0.17 Up From $0.11 YoY, Sales $33.8M Up From $27.483M YoY</td>\n",
       "      <td>0.950424</td>\n",
       "      <td>0.026136</td>\n",
       "      <td>0.023440</td>\n",
       "    </tr>\n",
       "    <tr>\n",
       "      <th>263</th>\n",
       "      <td>Radware Awarded Contract  by Leading US National Cellular Network Provider</td>\n",
       "      <td>0.950311</td>\n",
       "      <td>0.014512</td>\n",
       "      <td>0.035177</td>\n",
       "    </tr>\n",
       "    <tr>\n",
       "      <th>125</th>\n",
       "      <td>U.S. Government Expands BioThrax Procurement Contract to 17.92M Doses from 14.5M Increasing Contract Value by up to $101 Million (EBS)</td>\n",
       "      <td>0.947236</td>\n",
       "      <td>0.023031</td>\n",
       "      <td>0.029733</td>\n",
       "    </tr>\n",
       "    <tr>\n",
       "      <th>171</th>\n",
       "      <td>Bank of America Upgrades GWR, And WERN From Underperform To Neutral</td>\n",
       "      <td>0.946677</td>\n",
       "      <td>0.030561</td>\n",
       "      <td>0.022762</td>\n",
       "    </tr>\n",
       "    <tr>\n",
       "      <th>288</th>\n",
       "      <td>Sino-Global Signs Two Year General Agency Service Agreement; Expected To Add Approximately $12M In Revenue Annually</td>\n",
       "      <td>0.944380</td>\n",
       "      <td>0.016400</td>\n",
       "      <td>0.039221</td>\n",
       "    </tr>\n",
       "    <tr>\n",
       "      <th>191</th>\n",
       "      <td>Sherwin-Williams Company (The) Sees Q3 EPS $3.15-3.25 vs $3.06 Est, Sees Sales Growth 9-14%</td>\n",
       "      <td>0.943834</td>\n",
       "      <td>0.022325</td>\n",
       "      <td>0.033841</td>\n",
       "    </tr>\n",
       "    <tr>\n",
       "      <th>0</th>\n",
       "      <td>Option Alert: Clean Energy Fuels Shares Spike Higher; Activity in Aug 10, Sep 10 Calls; Currently $9.92</td>\n",
       "      <td>0.940174</td>\n",
       "      <td>0.025444</td>\n",
       "      <td>0.034382</td>\n",
       "    </tr>\n",
       "    <tr>\n",
       "      <th>14</th>\n",
       "      <td>Inbev Said To Win U.S. Antitrust Approval For SABMiller Deal</td>\n",
       "      <td>0.939485</td>\n",
       "      <td>0.011043</td>\n",
       "      <td>0.049472</td>\n",
       "    </tr>\n",
       "    <tr>\n",
       "      <th>3</th>\n",
       "      <td>Sotherly Hotels Reports Successful Execution of $35M Secured Loan on Hilton Wilmington Riverside Hotel in Wilmington, North Carolina</td>\n",
       "      <td>0.937432</td>\n",
       "      <td>0.017478</td>\n",
       "      <td>0.045089</td>\n",
       "    </tr>\n",
       "    <tr>\n",
       "      <th>97</th>\n",
       "      <td>Expect Exponential Growth For ETF Managed Portfolios</td>\n",
       "      <td>0.930158</td>\n",
       "      <td>0.010355</td>\n",
       "      <td>0.059487</td>\n",
       "    </tr>\n",
       "    <tr>\n",
       "      <th>186</th>\n",
       "      <td>Heat Biologics Shares Tick Higher Over $0.50 Level; Hearing Maxim Positive On Stock Following Co. Filing Mon. On Patent Application For Immune Therapy/Vaccine Technology</td>\n",
       "      <td>0.927183</td>\n",
       "      <td>0.035844</td>\n",
       "      <td>0.036973</td>\n",
       "    </tr>\n",
       "    <tr>\n",
       "      <th>200</th>\n",
       "      <td>Morneau Sobeco Announces Positive Second Quarter Results</td>\n",
       "      <td>0.926737</td>\n",
       "      <td>0.040077</td>\n",
       "      <td>0.033186</td>\n",
       "    </tr>\n",
       "    <tr>\n",
       "      <th>210</th>\n",
       "      <td>Euro Tech Holdings Shares Rise 55% Premarket Following Earnings Report; Co Says Positive about Ballast Water Business</td>\n",
       "      <td>0.926361</td>\n",
       "      <td>0.021707</td>\n",
       "      <td>0.051931</td>\n",
       "    </tr>\n",
       "    <tr>\n",
       "      <th>205</th>\n",
       "      <td>Identive Group, Inc. Sees Q3 Sales $21.0M-23.0M, Reaffirms FY14 Outlook; Will Buyback Up to $5M</td>\n",
       "      <td>0.918356</td>\n",
       "      <td>0.019807</td>\n",
       "      <td>0.061837</td>\n",
       "    </tr>\n",
       "    <tr>\n",
       "      <th>273</th>\n",
       "      <td>Lunda Construction Awarded $130 Million Highway 41 DePere-Suamico Contract</td>\n",
       "      <td>0.916599</td>\n",
       "      <td>0.013955</td>\n",
       "      <td>0.069446</td>\n",
       "    </tr>\n",
       "    <tr>\n",
       "      <th>21</th>\n",
       "      <td>Market Wrap For December 20: Markets Gain On GDP Data</td>\n",
       "      <td>0.915415</td>\n",
       "      <td>0.038527</td>\n",
       "      <td>0.046059</td>\n",
       "    </tr>\n",
       "    <tr>\n",
       "      <th>153</th>\n",
       "      <td>Benzinga Pro Mid-Day Price Check For Regional ETFs: US (SPY) Up 0.8%, Australia (EWA) Up 0.5%, Japan (EWJ) Up 0.5%, Canada (EWC) Up 0.5%, Russia (RSX) Up 0.5%, Brazil (EWZ) Up 0.3%, Europe (VGK) Up 1%, India (INDA) Down 0.1%</td>\n",
       "      <td>0.905582</td>\n",
       "      <td>0.055106</td>\n",
       "      <td>0.039312</td>\n",
       "    </tr>\n",
       "    <tr>\n",
       "      <th>178</th>\n",
       "      <td>UPDATE: Jefferies Raises PT to $38 on Ametek on Accretion From Acquisitions</td>\n",
       "      <td>0.904981</td>\n",
       "      <td>0.019221</td>\n",
       "      <td>0.075798</td>\n",
       "    </tr>\n",
       "    <tr>\n",
       "      <th>196</th>\n",
       "      <td>Windstream Awarded Federal Government GSA Contract for Green Buildings Initiative</td>\n",
       "      <td>0.904134</td>\n",
       "      <td>0.012605</td>\n",
       "      <td>0.083261</td>\n",
       "    </tr>\n",
       "    <tr>\n",
       "      <th>168</th>\n",
       "      <td>Independence Holding Co. Raises Semi-Annual Dividend From $0.06 to $0.10/Share</td>\n",
       "      <td>0.903409</td>\n",
       "      <td>0.047583</td>\n",
       "      <td>0.049008</td>\n",
       "    </tr>\n",
       "    <tr>\n",
       "      <th>167</th>\n",
       "      <td>The Daily Biotech Pulse: FDA Nod For Immunomedics, Lilly's Solid Q1 Beat, Predictive Oncology Restructures Debt</td>\n",
       "      <td>0.893066</td>\n",
       "      <td>0.010074</td>\n",
       "      <td>0.096860</td>\n",
       "    </tr>\n",
       "    <tr>\n",
       "      <th>203</th>\n",
       "      <td>Shares of several iron ore, metal, and industrial companies are trading higher after China's iron ore futures rose on expectations that mining production will not be able to meet high demand.</td>\n",
       "      <td>0.888354</td>\n",
       "      <td>0.087336</td>\n",
       "      <td>0.024310</td>\n",
       "    </tr>\n",
       "    <tr>\n",
       "      <th>117</th>\n",
       "      <td>Innophos Holdings Raises Dividend 8% to $0.27 Per Share</td>\n",
       "      <td>0.881862</td>\n",
       "      <td>0.018866</td>\n",
       "      <td>0.099271</td>\n",
       "    </tr>\n",
       "    <tr>\n",
       "      <th>47</th>\n",
       "      <td>Goldman Sachs Maintains Genuine Parts at Sell, Raises PT from $59 to $61</td>\n",
       "      <td>0.877848</td>\n",
       "      <td>0.016500</td>\n",
       "      <td>0.105652</td>\n",
       "    </tr>\n",
       "    <tr>\n",
       "      <th>8</th>\n",
       "      <td>Wedbush Raises PT on Allot Communications to $20</td>\n",
       "      <td>0.876009</td>\n",
       "      <td>0.011117</td>\n",
       "      <td>0.112875</td>\n",
       "    </tr>\n",
       "    <tr>\n",
       "      <th>...</th>\n",
       "      <td>...</td>\n",
       "      <td>...</td>\n",
       "      <td>...</td>\n",
       "      <td>...</td>\n",
       "    </tr>\n",
       "    <tr>\n",
       "      <th>237</th>\n",
       "      <td>Benzinga's M&amp;A Chatter for Monday May 23, 2016</td>\n",
       "      <td>0.020625</td>\n",
       "      <td>0.045500</td>\n",
       "      <td>0.933875</td>\n",
       "    </tr>\n",
       "    <tr>\n",
       "      <th>240</th>\n",
       "      <td>Stocks Which Set New 52-Week Low Yesterday, October 10th</td>\n",
       "      <td>0.020363</td>\n",
       "      <td>0.938336</td>\n",
       "      <td>0.041300</td>\n",
       "    </tr>\n",
       "    <tr>\n",
       "      <th>277</th>\n",
       "      <td>Earnings Scheduled For April 23, 2020</td>\n",
       "      <td>0.020138</td>\n",
       "      <td>0.071768</td>\n",
       "      <td>0.908094</td>\n",
       "    </tr>\n",
       "    <tr>\n",
       "      <th>95</th>\n",
       "      <td>Stocks Which Set New 52-Week Low Friday, October 5th</td>\n",
       "      <td>0.019912</td>\n",
       "      <td>0.941774</td>\n",
       "      <td>0.038314</td>\n",
       "    </tr>\n",
       "    <tr>\n",
       "      <th>48</th>\n",
       "      <td>Quad Cuts FY19 Net Sales Guidance From $4.05B-$4.25B To ~$3.9B, Adj. EBITDA From $360M-$400M To $300M-$330M</td>\n",
       "      <td>0.019778</td>\n",
       "      <td>0.938404</td>\n",
       "      <td>0.041818</td>\n",
       "    </tr>\n",
       "    <tr>\n",
       "      <th>217</th>\n",
       "      <td>NBC7 San Diego Tweets '#BREAKING: Southwestern College evacuates students from one building http://on.nbc7.com/l75B2A3'</td>\n",
       "      <td>0.019485</td>\n",
       "      <td>0.894134</td>\n",
       "      <td>0.086381</td>\n",
       "    </tr>\n",
       "    <tr>\n",
       "      <th>90</th>\n",
       "      <td>Stocks Plunge; Dow Loses 198</td>\n",
       "      <td>0.019315</td>\n",
       "      <td>0.922069</td>\n",
       "      <td>0.058616</td>\n",
       "    </tr>\n",
       "    <tr>\n",
       "      <th>228</th>\n",
       "      <td>Company News for November 29, 2010 - Corporate Summary</td>\n",
       "      <td>0.019023</td>\n",
       "      <td>0.075692</td>\n",
       "      <td>0.905285</td>\n",
       "    </tr>\n",
       "    <tr>\n",
       "      <th>44</th>\n",
       "      <td>CNBC's Stock Pops &amp; Drops From February 6</td>\n",
       "      <td>0.018181</td>\n",
       "      <td>0.912480</td>\n",
       "      <td>0.069339</td>\n",
       "    </tr>\n",
       "    <tr>\n",
       "      <th>264</th>\n",
       "      <td>Windstream Corporation is Sued by Klausner Technologies for Visual Voicemail Patent Infringement</td>\n",
       "      <td>0.017154</td>\n",
       "      <td>0.903514</td>\n",
       "      <td>0.079332</td>\n",
       "    </tr>\n",
       "    <tr>\n",
       "      <th>31</th>\n",
       "      <td>Hearing Barclays Says Northern Trust Outlook Is 'Slightly Mute' As CFO Guided Q3 Net Income Flat To Modestly Lower vs Q2</td>\n",
       "      <td>0.016646</td>\n",
       "      <td>0.972062</td>\n",
       "      <td>0.011292</td>\n",
       "    </tr>\n",
       "    <tr>\n",
       "      <th>258</th>\n",
       "      <td>The Week Ahead: Fiscal Cliff Deadline Rapidly Approaching</td>\n",
       "      <td>0.016617</td>\n",
       "      <td>0.914562</td>\n",
       "      <td>0.068821</td>\n",
       "    </tr>\n",
       "    <tr>\n",
       "      <th>179</th>\n",
       "      <td>Hearing Pareto Securities Downgraded Shares of Diamond Offshore To Sell</td>\n",
       "      <td>0.014280</td>\n",
       "      <td>0.853460</td>\n",
       "      <td>0.132260</td>\n",
       "    </tr>\n",
       "    <tr>\n",
       "      <th>126</th>\n",
       "      <td>Elliott Says Akzo CEO Buchmer, 'Clearly Not Listening To Shareholders' By Refusing To Meet PPG Proposal</td>\n",
       "      <td>0.013478</td>\n",
       "      <td>0.875468</td>\n",
       "      <td>0.111054</td>\n",
       "    </tr>\n",
       "    <tr>\n",
       "      <th>108</th>\n",
       "      <td>MannKind Q1 EPS $(0.25) Misses $(0.23) Estimate, Sales $3.465M Miss $4.24M Estimate</td>\n",
       "      <td>0.013002</td>\n",
       "      <td>0.956013</td>\n",
       "      <td>0.030985</td>\n",
       "    </tr>\n",
       "    <tr>\n",
       "      <th>253</th>\n",
       "      <td>UPDATE: Cheetah Mobile Says Has Temporarily Taken Down 2 Other Apps, Battery Doctor, CM Locker From Google Play</td>\n",
       "      <td>0.011060</td>\n",
       "      <td>0.947028</td>\n",
       "      <td>0.041912</td>\n",
       "    </tr>\n",
       "    <tr>\n",
       "      <th>234</th>\n",
       "      <td>Insurers Could Drop Long-Term Care</td>\n",
       "      <td>0.010900</td>\n",
       "      <td>0.961083</td>\n",
       "      <td>0.028016</td>\n",
       "    </tr>\n",
       "    <tr>\n",
       "      <th>81</th>\n",
       "      <td>Stocks That Hit 52-Week Lows On Thursday</td>\n",
       "      <td>0.010851</td>\n",
       "      <td>0.933540</td>\n",
       "      <td>0.055609</td>\n",
       "    </tr>\n",
       "    <tr>\n",
       "      <th>99</th>\n",
       "      <td>Plexus Falls on Weak Outlook - Analyst Blog</td>\n",
       "      <td>0.010688</td>\n",
       "      <td>0.965079</td>\n",
       "      <td>0.024233</td>\n",
       "    </tr>\n",
       "    <tr>\n",
       "      <th>259</th>\n",
